1,0.15900000929832458,63.159461975097656
2,0.16200000047683716,2.9827988147735596
3,0.12300001084804535,2.9894089698791504
4,0.1420000046491623,2.991339683532715
5,0.17499999701976776,3.2356746196746826
6,0.17899999022483826,3.0102500915527344
7,0.13900001347064972,3.02272367477417
8,0.1550000011920929,2.9946181774139404
9,0.18400000035762787,3.0502121448516846
10,0.17999999225139618,3.0025100708007812
11,0.18300001323223114,3.006385564804077
12,0.2030000239610672,3.006682872772217
13,0.13899999856948853,5.149343013763428
14,0.1940000057220459,2.994915008544922
15,0.15000000596046448,3.06498384475708
16,0.18699999153614044,3.7611136436462402
17,0.18000000715255737,2.9883644580841064
18,0.16699998080730438,3.342245578765869
19,0.2030000239610672,2.993752956390381
20,0.19300000369548798,3.090005874633789
21,0.15299999713897705,2.950700044631958
22,0.2070000171661377,3.124584674835205
23,0.1770000159740448,3.0195231437683105
24,0.18299999833106995,2.8905539512634277
25,0.20100000500679016,2.9029769897460938
26,0.2029999941587448,2.8986692428588867
27,0.2029999941587448,2.957803249359131
28,0.20499999821186066,2.8448903560638428
29,0.20799998939037323,2.84887433052063
30,0.21900001168251038,2.8412747383117676
31,0.23399999737739563,2.7603116035461426
32,0.21700000762939453,2.793811321258545
33,0.30800002813339233,2.5638937950134277
34,0.289000004529953,2.613983631134033
35,0.28999999165534973,2.6017446517944336
36,0.3160000145435333,2.449758768081665
37,0.3330000042915344,2.5034501552581787
38,0.27000001072883606,2.516364574432373
39,0.359000027179718,2.365736484527588
40,0.35199999809265137,2.3967342376708984
41,0.3800000250339508,2.3773715496063232
42,0.3259999752044678,2.3575973510742188
43,0.38200002908706665,2.307420253753662
44,0.36400002241134644,2.3693149089813232
45,0.44200000166893005,2.1830732822418213
46,0.4490000307559967,2.1266472339630127
47,0.4580000042915344,2.091709852218628
48,0.4659999907016754,2.0742897987365723
49,0.5479999780654907,1.9491733312606812
50,0.5500000715255737,1.9445464611053467
51,0.5239999890327454,1.960129976272583
52,0.49299997091293335,2.0465426445007324
53,0.5390000343322754,1.8501489162445068
54,0.5550000071525574,1.8794851303100586
55,0.5720000267028809,1.8173558712005615
56,0.546999990940094,1.8352508544921875
57,0.5800000429153442,1.826636552810669
58,0.5889999866485596,1.7025400400161743
59,0.6190000772476196,1.683913230895996
60,0.5740000009536743,1.7374451160430908
61,0.6169999837875366,1.7101548910140991
62,0.6060000061988831,1.6903479099273682
63,0.6169999837875366,1.6475985050201416
64,0.5889999270439148,1.6624090671539307
65,0.656000018119812,1.5485737323760986
66,0.5979999303817749,1.7601845264434814
67,0.6269999742507935,1.5282537937164307
68,0.6399999856948853,1.6501779556274414
69,0.7239999771118164,1.3318469524383545
70,0.7170000076293945,1.3599574565887451
71,0.6640000343322754,1.479248046875
72,0.7219999432563782,1.3718420267105103
73,0.6809999346733093,1.416581392288208
74,0.6550000309944153,1.5957359075546265
75,0.6819999814033508,1.4236360788345337
76,0.8009999394416809,1.1510388851165771
77,0.6650000214576721,1.4333713054656982
78,0.715999960899353,1.3180416822433472
79,0.7069999575614929,1.2054805755615234
80,0.7129999399185181,1.3752977848052979
81,0.7320000529289246,1.2204872369766235
82,0.7480000257492065,1.2493517398834229
83,0.768000066280365,1.1148478984832764
84,0.793999969959259,1.0561277866363525
85,0.7859999537467957,1.0625877380371094
86,0.796999990940094,1.0542980432510376
87,0.8059999346733093,1.00027334690094
88,0.7599999904632568,1.0858345031738281
89,0.7339999079704285,1.3213598728179932
90,0.7940000295639038,0.9848276376724243
91,0.8149999380111694,1.0458152294158936
92,0.7859999537467957,1.1110023260116577
93,0.809999942779541,0.973995566368103
94,0.815000057220459,0.992546558380127
95,0.7669999599456787,1.1466329097747803
96,0.8209999203681946,0.962422251701355
97,0.7870000004768372,1.0971792936325073
98,0.7910000085830688,1.011289358139038
99,0.8330000042915344,0.8492876291275024
100,0.7829999923706055,1.1141612529754639
101,0.8249999284744263,0.8549933433532715
102,0.815000057220459,0.9202501177787781
103,0.8559999465942383,0.7519960403442383
104,0.7609999775886536,1.0684068202972412
105,0.7979999780654907,0.9297200441360474
106,0.777999997138977,1.0189766883850098
107,0.8370000123977661,0.7911638617515564
108,0.7859999537467957,1.0934778451919556
109,0.7609999775886536,1.0724197626113892
110,0.8220000267028809,0.8943694829940796
111,0.8749998807907104,0.7245115041732788
112,0.7900000214576721,1.0153332948684692
113,0.809999942779541,0.8950220942497253
114,0.8529999852180481,0.8047758340835571
115,0.8460000157356262,0.8350974917411804
116,0.8269999623298645,0.9471917152404785
117,0.8040000200271606,0.9385243654251099
118,0.8130000233650208,0.9245317578315735
119,0.8559999465942383,0.7723672389984131
120,0.875999927520752,0.7342581748962402
121,0.8509999513626099,0.7377870082855225
122,0.8669999241828918,0.7318543195724487
123,0.8739999532699585,0.7651132345199585
124,0.8819999694824219,0.637342095375061
125,0.8579999208450317,0.7232978940010071
126,0.8350000381469727,0.7954208254814148
127,0.8270000219345093,0.9429886937141418
128,0.7969999313354492,0.9937871694564819
129,0.777999997138977,0.9991382360458374
130,0.8479999303817749,0.7963666319847107
131,0.8680000305175781,0.6727074384689331
132,0.8589999079704285,0.7534347772598267
133,0.8600000143051147,0.6923750042915344
134,0.8899999856948853,0.6060376167297363
135,0.8289999961853027,0.8743107914924622
136,0.890999972820282,0.627942681312561
137,0.8789998888969421,0.6976921558380127
138,0.9239999651908875,0.5331584811210632
139,0.8639999628067017,0.7148149609565735
140,0.8899999856948853,0.6492053270339966
141,0.8229999542236328,0.8429347276687622
142,0.9019999504089355,0.6069504618644714
143,0.8979999423027039,0.5766937732696533
144,0.8849999308586121,0.6010581254959106
145,0.8790000081062317,0.6513370871543884
146,0.8689999580383301,0.7193537950515747
147,0.9059999585151672,0.5795255303382874
148,0.8649999499320984,0.7301414012908936
149,0.8480000495910645,0.7501819133758545
150,0.8680000305175781,0.7312164306640625
151,0.9179999232292175,0.5110664367675781
152,0.8669999837875366,0.6845782995223999
153,0.8730000257492065,0.6238095164299011
154,0.8739999532699585,0.627326488494873
155,0.8999999761581421,0.5571997165679932
156,0.8860000371932983,0.5900131464004517
157,0.9230000376701355,0.4457662105560303
158,0.8999999761581421,0.5252935290336609
159,0.9180000424385071,0.4743324816226959
160,0.8389999270439148,0.8068920969963074
161,0.9319999814033508,0.4727681577205658
162,0.8989999890327454,0.5756047964096069
163,0.8899999856948853,0.6188742518424988
164,0.8970000147819519,0.5676344037055969
165,0.909000039100647,0.5638038516044617
166,0.9230000376701355,0.46244120597839355
167,0.8999999761581421,0.6094073057174683
168,0.9099999666213989,0.5272118449211121
169,0.9129999876022339,0.5365305542945862
170,0.8550000190734863,0.70339435338974
171,0.9019999504089355,0.5588486790657043
172,0.890999972820282,0.6023586988449097
173,0.9049999117851257,0.5059226155281067
174,0.9160000085830688,0.5722333192825317
175,0.9229999780654907,0.4400712549686432
176,0.8929999470710754,0.5512443780899048
177,0.8929999470710754,0.5680565237998962
178,0.9050000309944153,0.5256132483482361
179,0.9389999508857727,0.3833968937397003
180,0.9199999570846558,0.47052112221717834
181,0.9409998655319214,0.41031771898269653
182,0.8700000047683716,0.7241874933242798
183,0.9160000085830688,0.5145469903945923
184,0.9429999589920044,0.40103039145469666
185,0.9319999814033508,0.4578034281730652
186,0.9360000491142273,0.40803685784339905
187,0.9309999346733093,0.5398575067520142
188,0.902999997138977,0.4928807318210602
189,0.9199999570846558,0.4675164818763733
190,0.9039999842643738,0.605974555015564
191,0.9459999799728394,0.41192325949668884
192,0.8899999856948853,0.6674426794052124
193,0.9329999685287476,0.46284541487693787
194,0.9210000038146973,0.44571247696876526
195,0.9210000038146973,0.4661494791507721
196,0.9399999380111694,0.45558834075927734
197,0.8999999761581421,0.5509463548660278
198,0.8830000162124634,0.6339386105537415
199,0.9449999928474426,0.3590244650840759
200,0.9179999232292175,0.4553879201412201
201,0.9529999494552612,0.3218685984611511
202,0.9420000314712524,0.38930782675743103
203,0.9290000200271606,0.47719892859458923
204,0.9340000152587891,0.45561161637306213
205,0.9430000185966492,0.3866629898548126
206,0.9589999318122864,0.2816115915775299
207,0.8999999761581421,0.576472282409668
208,0.9660000801086426,0.3019421696662903
209,0.9129999876022339,0.5373626947402954
210,0.9449999928474426,0.38503795862197876
211,0.9180000424385071,0.5364336371421814
212,0.9539999961853027,0.4028942584991455
213,0.9359999895095825,0.40999889373779297
214,0.934999942779541,0.4175235629081726
215,0.9340000152587891,0.4397076666355133
216,0.9149999618530273,0.5298368334770203
217,0.9300000071525574,0.4303945004940033
218,0.9220000505447388,0.44053298234939575
219,0.9529999494552612,0.34560608863830566
220,0.9430000185966492,0.4132247865200043
221,0.9539999961853027,0.36144715547561646
222,0.9640000462532043,0.34274888038635254
223,0.9649999737739563,0.29100722074508667
224,0.9369999766349792,0.41026878356933594
225,0.9229999780654907,0.4307432174682617
226,0.9420000314712524,0.33783432841300964
227,0.9319999814033508,0.46132025122642517
228,0.9259999990463257,0.40918809175491333
229,0.9409999847412109,0.3700396418571472
230,0.9239999651908875,0.44329744577407837
231,0.9709998965263367,0.24737636744976044
232,0.9409999847412109,0.38225656747817993
233,0.9539999961853027,0.28179436922073364
234,0.9269999265670776,0.5408645868301392
235,0.925000011920929,0.4033200740814209
236,0.9490000009536743,0.3264290988445282
237,0.949999988079071,0.3603416085243225
238,0.9510000348091125,0.392834335565567
239,0.9229999780654907,0.403815895318985
240,0.9519999623298645,0.3024067282676697
241,0.956000030040741,0.29576119780540466
242,0.9419999122619629,0.3439140319824219
243,0.950999915599823,0.28963929414749146
244,0.9640000462532043,0.2724527418613434
245,0.9429999589920044,0.3614012598991394
246,0.9550000429153442,0.31498491764068604
247,0.9369999766349792,0.3912178575992584
248,0.9559999704360962,0.2915898263454437
249,0.9290000200271606,0.39922866225242615
250,0.968999981880188,0.23448097705841064
251,0.9439999461174011,0.39315107464790344
252,0.9389999508857727,0.38762742280960083
253,0.965999960899353,0.25820332765579224
254,0.9750000238418579,0.253706693649292
255,0.9759999513626099,0.22095775604248047
256,0.9670000076293945,0.30465030670166016
257,0.9300000071525574,0.4046793580055237
258,0.9420000314712524,0.3953901529312134
259,0.9449999928474426,0.3110482096672058
260,0.9580000042915344,0.3004547655582428
261,0.9389999508857727,0.3786655068397522
262,0.9510000348091125,0.3108119070529938
263,0.9639999270439148,0.2664375305175781
264,0.9649999737739563,0.2539416551589966
265,0.968000054359436,0.25065332651138306
266,0.9699999690055847,0.21426768600940704
267,0.9359999895095825,0.3933488726615906
268,0.956000030040741,0.27751025557518005
269,0.9269999265670776,0.44433289766311646
270,0.9699999690055847,0.27911999821662903
271,0.9670000076293945,0.2502088248729706
272,0.9620000123977661,0.27317893505096436
273,0.9429999589920044,0.3555377125740051
274,0.9649999737739563,0.23586218059062958
275,0.984000027179718,0.18805205821990967
276,0.9519999623298645,0.2796751856803894
277,0.9739999771118164,0.17692694067955017
278,0.9799998998641968,0.20898818969726562
279,0.9510000348091125,0.3576964735984802
280,0.9470000267028809,0.3147505223751068
281,0.949999988079071,0.36049941182136536
282,0.9519999623298645,0.32501858472824097
283,0.9699999690055847,0.2278948277235031
284,0.9760000109672546,0.2026139199733734
285,0.9629999995231628,0.33520618081092834
286,0.968000054359436,0.258306622505188
287,0.9330000877380371,0.4125020503997803
288,0.9640000462532043,0.2075337916612625
289,0.9529999494552612,0.32927027344703674
290,0.9449999928474426,0.3689778447151184
291,0.934999942779541,0.4401211142539978
292,0.9729999303817749,0.23247030377388
293,0.9469999074935913,0.3153921663761139
294,0.9580000042915344,0.2788575291633606
295,0.9800000190734863,0.1944977045059204
296,0.9819999933242798,0.14831826090812683
297,0.9629999399185181,0.2519453465938568
298,0.968999981880188,0.22487542033195496
299,0.9729999303817749,0.21219801902770996
300,0.9649999737739563,0.25542354583740234
