1,0.13900001347064972,5.588785648345947
2,0.1730000078678131,24.778106689453125
3,0.15900000929832458,6.100759029388428
4,0.1770000010728836,3.4037299156188965
5,0.17599999904632568,2.759594678878784
6,0.1599999964237213,3.5664474964141846
7,0.16099999845027924,2.6822457313537598
8,0.19300000369548798,2.6502432823181152
9,0.20000000298023224,2.439673662185669
10,0.2019999921321869,2.96171498298645
11,0.1550000160932541,2.465487241744995
12,0.16500000655651093,2.5863583087921143
13,0.1979999989271164,2.5851216316223145
14,0.18200001120567322,2.8963801860809326
15,0.1940000057220459,2.400444984436035
16,0.2160000056028366,2.656257152557373
17,0.17999999225139618,3.707721710205078
18,0.1809999942779541,2.743527889251709
19,0.19300000369548798,2.9050815105438232
20,0.20100000500679016,2.586390256881714
21,0.18299999833106995,2.486729621887207
22,0.2290000170469284,2.333641767501831
23,0.2199999988079071,2.617091178894043
24,0.22600002586841583,2.4847168922424316
25,0.2329999953508377,2.2954325675964355
26,0.19300001859664917,2.4133594036102295
27,0.242000013589859,2.0979056358337402
28,0.21299998462200165,2.0898594856262207
29,0.22499999403953552,2.1105668544769287
30,0.2619999945163727,2.0291762351989746
31,0.23099999129772186,2.1728758811950684
32,0.25700002908706665,1.976069450378418
33,0.23400001227855682,2.0077145099639893
34,0.2709999680519104,1.9375585317611694
35,0.24799999594688416,2.200838804244995
36,0.2630000114440918,2.0213465690612793
37,0.2919999957084656,1.9416269063949585
38,0.25599998235702515,2.0202529430389404
39,0.29500001668930054,1.9275423288345337
40,0.2939999997615814,1.8728452920913696
41,0.304999977350235,1.7971923351287842
42,0.2930000126361847,1.8647162914276123
43,0.3009999990463257,1.8406507968902588
44,0.28999999165534973,1.9644451141357422
45,0.3330000042915344,1.751268744468689
46,0.34299999475479126,1.6535154581069946
47,0.3499999940395355,1.6910260915756226
48,0.304999977350235,1.8115819692611694
49,0.33799999952316284,1.6756632328033447
50,0.3490000367164612,1.6968218088150024
51,0.3450000286102295,1.6913564205169678
52,0.30000001192092896,1.822303056716919
53,0.3779999613761902,1.6461280584335327
54,0.3490000367164612,1.7342084646224976
55,0.3869999945163727,1.5920435190200806
56,0.35100001096725464,1.7677137851715088
57,0.3959999978542328,1.6362699270248413
58,0.3700000047683716,1.642709732055664
59,0.4320000112056732,1.4533848762512207
60,0.390999972820282,1.6193764209747314
61,0.3889999985694885,1.5626647472381592
62,0.39899998903274536,1.5705926418304443
63,0.390999972820282,1.5552341938018799
64,0.4189999997615814,1.5442575216293335
65,0.398000031709671,1.5875295400619507
66,0.41200000047683716,1.598955512046814
67,0.3880000114440918,1.6586567163467407
68,0.40799999237060547,1.6504261493682861
69,0.4169999957084656,1.525170087814331
70,0.4189999997615814,1.4539990425109863
71,0.45399999618530273,1.4601813554763794
72,0.46700000762939453,1.4045326709747314
73,0.4480000138282776,1.4626166820526123
74,0.45500001311302185,1.4786546230316162
75,0.46299999952316284,1.4719257354736328
76,0.525999903678894,1.317330002784729
77,0.5090000033378601,1.4321943521499634
78,0.4930000305175781,1.344131350517273
79,0.48499998450279236,1.4032845497131348
80,0.4580000042915344,1.4715250730514526
81,0.5100000500679016,1.3369526863098145
82,0.503000020980835,1.318086862564087
83,0.4959999918937683,1.354453682899475
84,0.5540000200271606,1.284501314163208
85,0.5479999780654907,1.1812446117401123
86,0.5410000085830688,1.2949869632720947
87,0.5499999523162842,1.1846290826797485
88,0.5419999957084656,1.2993789911270142
89,0.47999995946884155,1.3951135873794556
90,0.5630000233650208,1.230636715888977
91,0.609000027179718,1.0327311754226685
92,0.5519999861717224,1.2658421993255615
93,0.5460000038146973,1.2936254739761353
94,0.5870000123977661,1.1174328327178955
95,0.546999990940094,1.227401852607727
96,0.6009999513626099,1.1413002014160156
97,0.5640000104904175,1.2713427543640137
98,0.5830000042915344,1.1814216375350952
99,0.6290000081062317,1.0184624195098877
100,0.5089999437332153,1.3079420328140259
101,0.624000072479248,1.0107502937316895
102,0.5660000443458557,1.1814078092575073
103,0.6660000085830688,0.9669872522354126
104,0.5730000138282776,1.2536733150482178
105,0.6359999775886536,1.0640175342559814
106,0.6079999804496765,1.1480002403259277
107,0.609000027179718,1.0687801837921143
108,0.6139999628067017,1.096116065979004
109,0.5879999995231628,1.1818934679031372
110,0.6509999632835388,1.0495659112930298
111,0.656000018119812,0.9681071043014526
112,0.5809999704360962,1.236744999885559
113,0.6179999709129333,1.0592173337936401
114,0.6769999265670776,0.9539980888366699
115,0.6489999890327454,0.9947701692581177
116,0.6260000467300415,1.082852840423584
117,0.6690000295639038,0.9724936485290527
118,0.6519999504089355,1.018816351890564
119,0.6550000309944153,0.9737723469734192
120,0.6819999814033508,0.97395259141922
121,0.6489999890327454,1.028344988822937
122,0.6929999589920044,0.9018108248710632
123,0.7120000123977661,0.830126941204071
124,0.7150000333786011,0.8577372431755066
125,0.6930000185966492,0.9095813035964966
126,0.6950000524520874,0.9611346125602722
127,0.7039999961853027,0.9092121124267578
128,0.6720000505447388,1.0313951969146729
129,0.6200000047683716,1.053446650505066
130,0.6420000195503235,1.0371403694152832
131,0.7239999771118164,0.788076639175415
132,0.7340000867843628,0.8049310445785522
133,0.6940000653266907,0.9171508550643921
134,0.7230000495910645,0.8027874231338501
135,0.6869999766349792,0.9692054986953735
136,0.781999945640564,0.6758923530578613
137,0.7210000157356262,0.8314722180366516
138,0.7599999904632568,0.7185395956039429
139,0.6959999799728394,0.8900390863418579
140,0.746999979019165,0.7508857846260071
141,0.6779999732971191,0.9063386917114258
142,0.7710000276565552,0.7018890380859375
143,0.7329999804496765,0.7615865468978882
144,0.7770000696182251,0.6403848528862
145,0.7309999465942383,0.8662177324295044
146,0.7409999966621399,0.7485346794128418
147,0.777999997138977,0.6811405420303345
148,0.6939999461174011,0.9252643585205078
149,0.7630000114440918,0.7429332137107849
150,0.7109999656677246,0.8747598528862
151,0.7900000214576721,0.6706075668334961
152,0.781999945640564,0.7144953012466431
153,0.75,0.7652641534805298
154,0.7480000257492065,0.7528161406517029
155,0.781999945640564,0.6688877940177917
156,0.7660000324249268,0.7060636281967163
157,0.7749999761581421,0.7129162549972534
158,0.7919999957084656,0.6583672165870667
159,0.7889999151229858,0.6168282628059387
160,0.781000018119812,0.6962012052536011
161,0.8059999346733093,0.5678924918174744
162,0.777999997138977,0.6881117820739746
163,0.8199999928474426,0.5861800312995911
164,0.800000011920929,0.6369007229804993
165,0.7979999780654907,0.6534134149551392
166,0.8399999737739563,0.516764760017395
167,0.7760000228881836,0.7157757878303528
168,0.8059999346733093,0.592175304889679
169,0.824999988079071,0.5177481770515442
170,0.7770000100135803,0.656359076499939
171,0.7899999618530273,0.6849092245101929
172,0.8120000958442688,0.570935845375061
173,0.8140000104904175,0.5875263214111328
174,0.8109999895095825,0.5654770135879517
175,0.7979999780654907,0.6185181736946106
176,0.8090000152587891,0.5546022653579712
177,0.8550000190734863,0.49296578764915466
178,0.8170000314712524,0.5333635210990906
179,0.8170000314712524,0.5979288220405579
180,0.7989999651908875,0.6605206727981567
181,0.8390000462532043,0.4908444881439209
182,0.7979999780654907,0.6779071092605591
183,0.8649999499320984,0.47113800048828125
184,0.8390000462532043,0.5316241979598999
185,0.8519999384880066,0.4978346824645996
186,0.8519999384880066,0.4802834093570709
187,0.8109999895095825,0.6228944063186646
188,0.781999945640564,0.678036093711853
189,0.847000002861023,0.49451541900634766
190,0.8420000076293945,0.5291928648948669
191,0.8829998970031738,0.3840111792087555
192,0.8330000042915344,0.5672675371170044
193,0.8630000352859497,0.49603205919265747
194,0.840999960899353,0.4956807494163513
195,0.8379999995231628,0.5678920745849609
196,0.8649999499320984,0.445828914642334
197,0.8669999241828918,0.45850902795791626
198,0.8209999799728394,0.5903021097183228
199,0.8460000157356262,0.4579242765903473
200,0.875,0.4262455999851227
201,0.8209999203681946,0.5733281373977661
202,0.8519999384880066,0.5594562292098999
203,0.8289999961853027,0.5646457672119141
204,0.8769999742507935,0.37407049536705017
205,0.8709999918937683,0.4379635453224182
206,0.8689999580383301,0.3956606388092041
207,0.8109999895095825,0.624039888381958
208,0.903999924659729,0.2917732298374176
209,0.8669999241828918,0.44342994689941406
210,0.831000030040741,0.5891419649124146
211,0.8339999914169312,0.512795627117157
212,0.8850000500679016,0.4158298969268799
213,0.9329999089241028,0.2429582178592682
214,0.859000027179718,0.5105587244033813
215,0.8360000848770142,0.534785807132721
216,0.8349999189376831,0.5260544419288635
217,0.8420000076293945,0.4697871208190918
218,0.8709999918937683,0.43375739455223083
219,0.8880000114440918,0.39575082063674927
220,0.8819999694824219,0.3719955384731293
221,0.8869999051094055,0.42422643303871155
222,0.8999999761581421,0.3386062979698181
223,0.9139999151229858,0.32693031430244446
224,0.8500000238418579,0.4749175012111664
225,0.8830000162124634,0.42277759313583374
226,0.8819999694824219,0.3876189589500427
227,0.843999981880188,0.48843464255332947
228,0.8570000529289246,0.46882882714271545
229,0.9310000538825989,0.24633315205574036
230,0.8579999804496765,0.48473531007766724
231,0.9139999151229858,0.34659260511398315
232,0.9279999732971191,0.30673670768737793
233,0.9010000228881836,0.3493356704711914
234,0.8539999723434448,0.48742660880088806
235,0.8190000653266907,0.5323847532272339
236,0.880000114440918,0.40082257986068726
237,0.8949999809265137,0.43640756607055664
238,0.8799999356269836,0.3418686091899872
239,0.8899999856948853,0.4050111770629883
240,0.8679999113082886,0.4432910084724426
241,0.9160000085830688,0.2782338261604309
242,0.8790000081062317,0.38159307837486267
243,0.8950001001358032,0.35430482029914856
244,0.9239999651908875,0.2861379086971283
245,0.8659999966621399,0.4626118242740631
246,0.9279999732971191,0.28475847840309143
247,0.8769999742507935,0.40458813309669495
248,0.9129999876022339,0.3180837631225586
249,0.9059999585151672,0.3474269509315491
250,0.8790000081062317,0.41076022386550903
251,0.8970000147819519,0.3602440059185028
252,0.9179999232292175,0.3429356515407562
253,0.9340000152587891,0.23817026615142822
254,0.9160000085830688,0.3197016716003418
255,0.9490000009536743,0.20937204360961914
256,0.9340000152587891,0.23959627747535706
257,0.8760000467300415,0.41783517599105835
258,0.8789998888969421,0.42878907918930054
259,0.9239999651908875,0.3179502487182617
260,0.8920000195503235,0.3603445291519165
261,0.909000039100647,0.30782195925712585
262,0.8930000066757202,0.35487908124923706
263,0.9160000085830688,0.2995559573173523
264,0.925000011920929,0.27289801836013794
265,0.9109998941421509,0.30252957344055176
266,0.9309999346733093,0.26408106088638306
267,0.8790000081062317,0.4197879433631897
268,0.9439999461174011,0.21526667475700378
269,0.9099999666213989,0.3580595552921295
270,0.9229999780654907,0.25034722685813904
271,0.918999969959259,0.27836787700653076
272,0.8839999437332153,0.44723787903785706
273,0.9210000038146973,0.3144640028476715
274,0.9010000228881836,0.3470384180545807
275,0.9479999542236328,0.1804162561893463
276,0.9039999842643738,0.3379036784172058
277,0.9290000200271606,0.2495366334915161
278,0.9620000123977661,0.14527222514152527
279,0.9359999895095825,0.28828325867652893
280,0.934999942779541,0.2679292559623718
281,0.9050000309944153,0.3235369324684143
282,0.9089999198913574,0.37611159682273865
283,0.9429999589920044,0.20564548671245575
284,0.9620000123977661,0.16465522348880768
285,0.8809999227523804,0.3892762064933777
286,0.9359999895095825,0.23153531551361084
287,0.8980000615119934,0.3558630347251892
288,0.9099999666213989,0.3343925178050995
289,0.918999969959259,0.3127099275588989
290,0.8989998698234558,0.34123948216438293
291,0.949999988079071,0.2075072079896927
292,0.9290000200271606,0.284018874168396
293,0.9459999203681946,0.23146888613700867
294,0.9449999928474426,0.2064673900604248
295,0.9139999151229858,0.29590192437171936
296,0.9469999074935913,0.17906372249126434
297,0.9399999380111694,0.21196071803569794
298,0.9270000457763672,0.2851802408695221
299,0.918999969959259,0.2985108494758606
300,0.9350000619888306,0.2694219648838043
1,0.1599999964237213,73.46673583984375
2,0.19500000774860382,2.370187282562256
3,0.08999999612569809,11.704928398132324
4,0.16499999165534973,2.4340476989746094
5,0.15000000596046448,3.5326106548309326
6,0.16499999165534973,3.149631977081299
7,0.12000000476837158,3.479513168334961
8,0.17499999701976776,7.6436896324157715
9,0.1550000011920929,4.029553413391113
10,0.1599999964237213,5.161970615386963
11,0.11499999463558197,4.358393669128418
12,0.17000000178813934,4.465071678161621
13,0.14000001549720764,2.2962803840637207
14,0.1550000011920929,8.45297622680664
15,0.14000001549720764,6.686723232269287
16,0.17499999701976776,2.3875200748443604
17,0.1599999964237213,2.589519500732422
18,0.1850000023841858,3.6205286979675293
19,0.14000001549720764,3.874544143676758
20,0.17499999701976776,2.485128879547119
21,0.17999999225139618,4.45135498046875
22,0.2150000035762787,2.6633546352386475
23,0.23499998450279236,2.766087293624878
24,0.18000000715255737,2.888476848602295
25,0.24500000476837158,3.5558555126190186
26,0.17499999701976776,3.1763980388641357
27,0.18000000715255737,2.2406392097473145
28,0.13500000536441803,3.571228504180908
29,0.2150000035762787,4.147643089294434
30,0.2199999988079071,3.1771843433380127
31,0.23000001907348633,3.0055854320526123
32,0.17999999225139618,3.0248825550079346
33,0.2149999886751175,3.151146650314331
34,0.1550000011920929,2.259512424468994
35,0.2199999988079071,5.834308624267578
36,0.2149999886751175,3.023038864135742
37,0.1900000125169754,5.359816551208496
38,0.23499998450279236,3.826519012451172
39,0.21000000834465027,2.2307639122009277
40,0.2199999839067459,2.153228282928467
41,0.2150000035762787,6.842233180999756
42,0.21000000834465027,5.287085056304932
43,0.19500000774860382,3.3141582012176514
44,0.22999998927116394,5.032861232757568
45,0.1899999976158142,2.138063907623291
46,0.22499999403953552,2.116912841796875
47,0.25,1.9620940685272217
48,0.20499999821186066,4.578040599822998
49,0.22499999403953552,2.4549779891967773
50,0.19499999284744263,2.3279857635498047
51,0.1850000023841858,2.85667085647583
52,0.19500000774860382,3.503849506378174
53,0.23499998450279236,2.2565085887908936
54,0.24500003457069397,2.1949329376220703
55,0.22499999403953552,2.1507954597473145
56,0.20000000298023224,2.408748149871826
57,0.2150000035762787,2.04465913772583
58,0.23000001907348633,2.4529004096984863
59,0.2250000238418579,2.442852258682251
60,0.20499999821186066,2.2200534343719482
61,0.20000000298023224,2.199467420578003
62,0.2150000035762787,2.225943088531494
63,0.20500001311302185,2.082221508026123
64,0.23499998450279236,4.108826160430908
65,0.22999998927116394,2.3520150184631348
66,0.20999999344348907,2.1718838214874268
67,0.24000000953674316,2.140317440032959
68,0.23000001907348633,2.3112382888793945
69,0.2150000035762787,2.5333092212677
70,0.2150000035762787,2.16650652885437
71,0.24000000953674316,2.0332789421081543
72,0.22499999403953552,2.037137031555176
73,0.2549999952316284,1.9900295734405518
74,0.2199999988079071,2.1361541748046875
75,0.19500000774860382,2.1820881366729736
76,0.2750000059604645,2.1186394691467285
77,0.19500000774860382,2.079320192337036
78,0.25999999046325684,1.9737266302108765
79,0.20499999821186066,2.0846760272979736
80,0.22499999403953552,2.139090061187744
81,0.24000000953674316,2.0844762325286865
82,0.20999999344348907,2.050894021987915
83,0.2800000309944153,2.0662620067596436
84,0.2549999952316284,2.0297036170959473
85,0.22499999403953552,1.9445362091064453
86,0.25999999046325684,2.104970932006836
87,0.24000000953674316,1.9834741353988647
88,0.22999998927116394,2.0066142082214355
89,0.27000001072883606,2.104180097579956
90,0.2800000011920929,2.1091201305389404
91,0.20999999344348907,1.922633171081543
92,0.24500003457069397,1.9712021350860596
93,0.22499999403953552,2.097123622894287
94,0.2850000262260437,1.9385830163955688
95,0.21000000834465027,2.0613014698028564
96,0.23500001430511475,2.008755683898926
97,0.3100000023841858,1.9513094425201416
98,0.2750000059604645,1.9198585748672485
99,0.2750000059604645,1.8709828853607178
100,0.2800000309944153,1.9897578954696655
101,0.3100000321865082,1.909449815750122
102,0.2550000250339508,1.9640705585479736
103,0.2800000011920929,1.9031450748443604
104,0.3100000023841858,2.1071197986602783
105,0.26999998092651367,1.9030414819717407
106,0.2849999964237213,1.8159637451171875
107,0.25,2.047078847885132
108,0.3100000023841858,1.9024606943130493
109,0.23999997973442078,2.1025075912475586
110,0.23500001430511475,1.908914566040039
111,0.22499999403953552,2.060214042663574
112,0.30000001192092896,1.8695863485336304
113,0.2750000059604645,1.8476893901824951
114,0.26500001549720764,2.0019936561584473
115,0.22999998927116394,1.7696893215179443
116,0.2800000309944153,1.8547550439834595
117,0.30000001192092896,1.7688071727752686
118,0.22499999403953552,2.071202039718628
119,0.22499999403953552,1.877606749534607
120,0.24000000953674316,1.973872423171997
121,0.25,1.8612110614776611
122,0.3050000071525574,1.8260774612426758
123,0.2799999713897705,1.804224967956543
124,0.26500001549720764,1.929549217224121
125,0.24500000476837158,1.8742544651031494
126,0.2900000214576721,1.8801482915878296
127,0.25,1.8623069524765015
128,0.3100000023841858,2.0229742527008057
129,0.24000000953674316,1.9980453252792358
130,0.27000004053115845,1.849718451499939
131,0.2600000202655792,1.8375332355499268
132,0.30000001192092896,1.6781610250473022
133,0.2850000262260437,1.935494065284729
134,0.3199999928474426,1.7854797840118408
135,0.2550000250339508,1.875370979309082
136,0.3349999785423279,1.751329779624939
137,0.33000001311302185,1.897098183631897
138,0.25999999046325684,1.8126232624053955
139,0.2800000309944153,1.7360824346542358
140,0.2849999964237213,1.892777442932129
141,0.2900000214576721,1.7935371398925781
142,0.35499998927116394,1.7964885234832764
143,0.27000001072883606,1.7326157093048096
144,0.26499998569488525,1.8339287042617798
145,0.3050000071525574,1.7994073629379272
146,0.26500001549720764,1.8137023448944092
147,0.2549999952316284,1.7879365682601929
148,0.33500000834465027,2.0328521728515625
149,0.25,1.8722881078720093
150,0.32500001788139343,1.833164930343628
151,0.2849999964237213,1.8253648281097412
152,0.22999998927116394,1.9711332321166992
153,0.27500003576278687,1.7652442455291748
154,0.2900000214576721,1.868385672569275
155,0.2750000059604645,1.8920139074325562
156,0.30000001192092896,1.7242958545684814
157,0.2849999964237213,1.8593480587005615
158,0.2849999964237213,1.7291927337646484
159,0.29500001668930054,1.7783883810043335
160,0.3199999928474426,1.7991893291473389
161,0.2800000011920929,1.926452398300171
162,0.3199999928474426,1.8109718561172485
163,0.32499998807907104,1.7226879596710205
164,0.24500003457069397,1.8850141763687134
165,0.25,1.822283387184143
166,0.29500001668930054,1.7411895990371704
167,0.3100000023841858,1.8553184270858765
168,0.23500001430511475,1.7426745891571045
169,0.29500001668930054,1.7808427810668945
170,0.32499998807907104,1.7302887439727783
171,0.35499998927116394,1.7032296657562256
172,0.29500001668930054,1.9153543710708618
173,0.33500000834465027,1.7122678756713867
174,0.3349999785423279,1.8148391246795654
175,0.2800000011920929,1.8726049661636353
176,0.29499998688697815,1.7766482830047607
177,0.3349999785423279,1.7185331583023071
178,0.3349999785423279,1.6690467596054077
179,0.3149999976158142,1.7498401403427124
180,0.3349999785423279,1.6340367794036865
181,0.36500000953674316,1.7028394937515259
182,0.30000001192092896,1.7050678730010986
183,0.3149999976158142,1.7976270914077759
184,0.3199999928474426,1.6313831806182861
185,0.3400000035762787,1.7523193359375
186,0.3449999690055847,1.6500203609466553
187,0.25999999046325684,1.8008716106414795
188,0.3100000023841858,1.7378523349761963
189,0.29499998688697815,1.7699778079986572
190,0.4099999964237213,1.6186078786849976
191,0.33500000834465027,1.7334020137786865
192,0.3499999940395355,1.731088638305664
193,0.29500001668930054,1.8406574726104736
194,0.3100000023841858,1.742222547531128
195,0.33500000834465027,1.9123188257217407
196,0.32999998331069946,1.685382604598999
197,0.32499998807907104,1.627689003944397
198,0.40999993681907654,1.559818148612976
199,0.2849999964237213,1.9415000677108765
200,0.35500001907348633,1.6379315853118896
201,0.33500000834465027,1.6414072513580322
202,0.4000000059604645,1.7211586236953735
203,0.25,1.7986171245574951
204,0.37999996542930603,1.5984398126602173
205,0.3449999988079071,1.6884514093399048
206,0.2849999964237213,1.7329413890838623
207,0.3649999797344208,1.6909099817276
208,0.32999998331069946,1.654181718826294
209,0.39000001549720764,1.6920270919799805
210,0.3800000250339508,1.6832383871078491
211,0.3199999928474426,1.6419378519058228
212,0.3449999690055847,1.7658119201660156
213,0.38499999046325684,1.626731514930725
214,0.3199999928474426,1.6976673603057861
215,0.3699999749660492,1.6856225728988647
216,0.3349999785423279,1.6141741275787354
217,0.3149999976158142,1.7046867609024048
218,0.36500000953674316,1.6073486804962158
219,0.375,1.5822360515594482
220,0.35499995946884155,1.6147387027740479
221,0.3499999940395355,1.66561758518219
222,0.33500000834465027,1.6241419315338135
223,0.32999998331069946,1.657989501953125
224,0.375,1.6408841609954834
225,0.39000001549720764,1.5511386394500732
226,0.4100000262260437,1.5670710802078247
227,0.35499998927116394,1.7303235530853271
228,0.33500000834465027,1.696737289428711
229,0.3500000238418579,1.7152769565582275
230,0.3100000023841858,1.7523940801620483
231,0.38499999046325684,1.6215343475341797
232,0.38499999046325684,1.4937368631362915
233,0.4449999928474426,1.4768857955932617
234,0.41499996185302734,1.6051174402236938
235,0.35499998927116394,1.6997543573379517
236,0.33000001311302185,1.6055545806884766
237,0.3399999737739563,1.7218201160430908
238,0.35499995946884155,1.6915620565414429
239,0.3649999797344208,1.6492840051651
240,0.3349999785423279,1.5790756940841675
241,0.32999998331069946,1.73899245262146
242,0.3699999749660492,1.7230266332626343
243,0.39000001549720764,1.5906567573547363
244,0.3400000035762787,1.7562469244003296
245,0.39000001549720764,1.667107343673706
246,0.4100000262260437,1.5451695919036865
247,0.3199999928474426,1.7488205432891846
248,0.4150000214576721,1.5768097639083862
249,0.35999998450279236,1.5649871826171875
250,0.42500001192092896,1.5602810382843018
251,0.3149999976158142,1.8020519018173218
252,0.3449999988079071,1.6254011392593384
253,0.3449999690055847,1.594495415687561
254,0.37999996542930603,1.6261097192764282
255,0.4300000071525574,1.3984262943267822
256,0.4099999964237213,1.5968406200408936
257,0.3799999952316284,1.7682605981826782
258,0.375,1.6334636211395264
259,0.39500001072883606,1.532831072807312
260,0.3149999976158142,1.7618350982666016
261,0.37999996542930603,1.6166998147964478
262,0.4100000262260437,1.5427874326705933
263,0.3399999737739563,1.6001228094100952
264,0.4300000071525574,1.5225461721420288
265,0.32499998807907104,1.624807357788086
266,0.3400000035762787,1.6407171487808228
267,0.4150000214576721,1.4567713737487793
268,0.39500001072883606,1.3960497379302979
269,0.4099999964237213,1.5813847780227661
270,0.33500000834465027,1.659088134765625
271,0.39000001549720764,1.46902596950531
272,0.39500004053115845,1.670069932937622
273,0.4399999976158142,1.5404638051986694
274,0.4350000023841858,1.4241690635681152
275,0.39499998092651367,1.5118458271026611
276,0.4150000214576721,1.607222318649292
277,0.4599999785423279,1.5235323905944824
278,0.3999999761581421,1.4854145050048828
279,0.4350000023841858,1.6005609035491943
280,0.3499999940395355,1.6459941864013672
281,0.4100000262260437,1.4513294696807861
282,0.3449999988079071,1.4752861261367798
283,0.4099999964237213,1.5824964046478271
284,0.42500001192092896,1.5327953100204468
285,0.3799999952316284,1.5292012691497803
286,0.44999998807907104,1.3518931865692139
287,0.39500001072883606,1.6704559326171875
288,0.44999998807907104,1.4693151712417603
289,0.4300000071525574,1.6256211996078491
290,0.42500001192092896,1.457139492034912
291,0.4150000214576721,1.5855058431625366
292,0.41499996185302734,1.487179160118103
293,0.32499998807907104,1.5615475177764893
294,0.4449999928474426,1.450311303138733
295,0.4650000035762787,1.4646810293197632
296,0.49000000953674316,1.434899926185608
297,0.429999977350235,1.5452682971954346
298,0.4350000023841858,1.4404059648513794
299,0.45499998331069946,1.3491827249526978
300,0.4300000071525574,1.4169760942459106
1,0.1550000011920929,199.5872344970703
2,0.17899999022483826,9.690984725952148
3,0.17499999701976776,2.462747097015381
4,0.1810000091791153,3.1906657218933105
5,0.15199999511241913,3.7362093925476074
6,0.17900000512599945,2.6509552001953125
7,0.1770000010728836,2.747554302215576
8,0.19300001859664917,2.66990327835083
9,0.18200001120567322,3.0999772548675537
10,0.1900000125169754,2.9680240154266357
11,0.15599998831748962,3.2433547973632812
12,0.18200001120567322,2.5171895027160645
13,0.17899999022483826,2.5909483432769775
14,0.1860000044107437,2.6282105445861816
15,0.19300000369548798,2.613034725189209
16,0.18799999356269836,2.9236035346984863
17,0.1979999989271164,3.0708818435668945
18,0.20600000023841858,2.4230942726135254
19,0.1899999976158142,2.67995285987854
20,0.2120000123977661,2.6181817054748535
21,0.23800000548362732,2.427725315093994
22,0.22699999809265137,2.232191324234009
23,0.2290000021457672,2.272991180419922
24,0.2240000218153,2.2815098762512207
25,0.23899999260902405,2.3167381286621094
26,0.22699999809265137,2.1637542247772217
27,0.2629999816417694,2.029553174972534
28,0.2280000001192093,2.1335697174072266
29,0.22699999809265137,2.2455215454101562
30,0.27300000190734863,1.9832195043563843
31,0.2460000067949295,2.0684235095977783
32,0.2789999842643738,1.9264777898788452
33,0.26899999380111694,2.0286002159118652
34,0.2630000114440918,1.936449408531189
35,0.2410000115633011,2.148397445678711
36,0.24500000476837158,1.9845895767211914
37,0.3030000329017639,1.842156171798706
38,0.28200000524520874,1.993332862854004
39,0.31199997663497925,1.9080498218536377
40,0.32199999690055847,1.7653007507324219
41,0.29899996519088745,1.8615272045135498
42,0.30000001192092896,1.800825834274292
43,0.3100000023841858,1.826460599899292
44,0.28299999237060547,1.9973033666610718
45,0.3230000138282776,1.7631359100341797
46,0.3409999907016754,1.6673271656036377
47,0.35199999809265137,1.6364425420761108
48,0.33899998664855957,1.7554877996444702
49,0.3569999635219574,1.6428512334823608
50,0.3219999670982361,1.7245893478393555
51,0.34999996423721313,1.7425562143325806
52,0.30800002813339233,1.796668291091919
53,0.36900001764297485,1.659724235534668
54,0.3579999804496765,1.6317837238311768
55,0.36500000953674316,1.6156145334243774
56,0.35100001096725464,1.6327202320098877
57,0.3779999613761902,1.6368381977081299
58,0.3579999804496765,1.6192594766616821
59,0.41999998688697815,1.4637184143066406
60,0.39900001883506775,1.5741350650787354
61,0.41999998688697815,1.5292834043502808
62,0.3739999830722809,1.6451749801635742
63,0.3889999985694885,1.5777263641357422
64,0.42600002884864807,1.5640474557876587
65,0.4189999997615814,1.5744796991348267
66,0.375,1.617279052734375
67,0.3850000202655792,1.5890761613845825
68,0.4020000100135803,1.6532952785491943
69,0.4169999957084656,1.5481231212615967
70,0.3969999849796295,1.4841406345367432
71,0.45100003480911255,1.487818956375122
72,0.44300001859664917,1.5117294788360596
73,0.43400001525878906,1.4698851108551025
74,0.4659999907016754,1.4829692840576172
75,0.4519999921321869,1.4654297828674316
76,0.5119999647140503,1.36405611038208
77,0.4790000021457672,1.4753756523132324
78,0.49000000953674316,1.3792393207550049
79,0.48000001907348633,1.4340959787368774
80,0.4360000193119049,1.468214750289917
81,0.4860000014305115,1.3812065124511719
82,0.5059999823570251,1.3511546850204468
83,0.5099999904632568,1.3485450744628906
84,0.5429999828338623,1.2852256298065186
85,0.5339999198913574,1.3072290420532227
86,0.5130000114440918,1.3192660808563232
87,0.6050000190734863,1.1324466466903687
88,0.500999927520752,1.3688106536865234
89,0.4909999966621399,1.3766891956329346
90,0.5320000052452087,1.264815092086792
91,0.5950000286102295,1.0794233083724976
92,0.515999972820282,1.3345367908477783
93,0.5610000491142273,1.2610208988189697
94,0.6139999628067017,1.1444364786148071
95,0.5399999618530273,1.2966108322143555
96,0.6119999885559082,1.1235462427139282
97,0.5590000152587891,1.2614508867263794
98,0.5830000042915344,1.2139005661010742
99,0.6150000095367432,1.019943356513977
100,0.4959999918937683,1.4319902658462524
101,0.6200000047683716,1.0458078384399414
102,0.5549999475479126,1.2528995275497437
103,0.6450000405311584,1.013679027557373
104,0.531000018119812,1.3563318252563477
105,0.6229999661445618,1.0846362113952637
106,0.5849999189376831,1.1466647386550903
107,0.6239999532699585,1.055138349533081
108,0.593999981880188,1.0915319919586182
109,0.6020000576972961,1.2037912607192993
110,0.6469999551773071,1.0485764741897583
111,0.6390000581741333,1.0303202867507935
112,0.5569999814033508,1.2686331272125244
113,0.6189999580383301,1.102829933166504
114,0.6609999537467957,0.9631379246711731
115,0.6540000438690186,1.0071027278900146
116,0.6260000467300415,1.0783716440200806
117,0.6549999713897705,0.9887183308601379
118,0.6140000224113464,1.054900884628296
119,0.6680000424385071,0.9425691366195679
120,0.6330000162124634,1.0553327798843384
121,0.6389999985694885,0.9952076077461243
122,0.6850000023841858,0.9448267817497253
123,0.7089999914169312,0.8888317942619324
124,0.6909999847412109,0.9340947866439819
125,0.6869999766349792,0.9657260775566101
126,0.6629999876022339,0.9661152958869934
127,0.7039999961853027,0.9442089200019836
128,0.6420000195503235,1.0320707559585571
129,0.6469999551773071,1.0528255701065063
130,0.6450000405311584,1.0714739561080933
131,0.6949999928474426,0.8213711977005005
132,0.734000027179718,0.809293270111084
133,0.7010000348091125,0.8848684430122375
134,0.7240000367164612,0.8338068723678589
135,0.6829999685287476,0.9623602032661438
136,0.7549999356269836,0.7392978668212891
137,0.7199999690055847,0.8444113731384277
138,0.7410000562667847,0.7726202607154846
139,0.7100000381469727,0.9143316149711609
140,0.7450000047683716,0.7423092722892761
141,0.7120000123977661,0.8522793054580688
142,0.7670000195503235,0.7398054003715515
143,0.7110000252723694,0.8469306826591492
144,0.7870000004768372,0.6281903982162476
145,0.7260000109672546,0.8143243789672852
146,0.7190000414848328,0.8525816202163696
147,0.7850000262260437,0.6942220330238342
148,0.6890000104904175,0.9749494791030884
149,0.7519999742507935,0.7698140144348145
150,0.7259999513626099,0.8253076672554016
151,0.7570000290870667,0.7408170700073242
152,0.7570000290870667,0.7133514285087585
153,0.7480000257492065,0.8234411478042603
154,0.7239999771118164,0.8558899760246277
155,0.7440000176429749,0.7818388938903809
156,0.7710000276565552,0.7162654995918274
157,0.7609999775886536,0.7363355755805969
158,0.7729999423027039,0.670771598815918
159,0.7960000038146973,0.6109014749526978
160,0.7749999761581421,0.7254093289375305
161,0.799000084400177,0.6030333638191223
162,0.7940000295639038,0.6340581774711609
163,0.7889999747276306,0.6598963141441345
164,0.7860000133514404,0.6890162229537964
165,0.8069999814033508,0.6296586990356445
166,0.831000030040741,0.5993085503578186
167,0.7689999938011169,0.6922725439071655
168,0.8029999732971191,0.6195728182792664
169,0.8199999928474426,0.5535784959793091
170,0.7770000100135803,0.6635257601737976
171,0.8009999990463257,0.6428952813148499
172,0.8079999685287476,0.6391105651855469
173,0.8110000491142273,0.6366008520126343
174,0.8229999542236328,0.5905903577804565
175,0.7699999809265137,0.7029687762260437
176,0.7929999828338623,0.633994460105896
177,0.8359999656677246,0.5290807485580444
178,0.8020000457763672,0.580095112323761
179,0.8209999799728394,0.522628664970398
180,0.7760000228881836,0.7119331359863281
181,0.8350000381469727,0.5109171867370605
182,0.7710000276565552,0.6752411127090454
183,0.8270000219345093,0.5302154421806335
184,0.8379999995231628,0.5175617933273315
185,0.8659999966621399,0.4489983022212982
186,0.841999888420105,0.538537859916687
187,0.8130000233650208,0.5633751153945923
188,0.8050000071525574,0.6444538831710815
189,0.840999960899353,0.5468553304672241
190,0.8130000233650208,0.6169878244400024
191,0.8739999532699585,0.395766019821167
192,0.8240000009536743,0.5106371641159058
193,0.843000054359436,0.5424631834030151
194,0.8510000109672546,0.46757274866104126
195,0.8119999766349792,0.6141649484634399
196,0.8559999465942383,0.4463726580142975
197,0.8330000042915344,0.5513120293617249
198,0.7860000729560852,0.6614693403244019
199,0.8650000691413879,0.4209674298763275
200,0.8669999837875366,0.44377127289772034
201,0.7989999651908875,0.5849734544754028
202,0.8370000123977661,0.48823708295822144
203,0.8240000009536743,0.5837929248809814
204,0.8769999742507935,0.43468254804611206
205,0.8619999885559082,0.43268632888793945
206,0.8700000047683716,0.3873350918292999
207,0.7910000085830688,0.6736960411071777
208,0.8819999694824219,0.3741747736930847
209,0.8729999661445618,0.4664693772792816
210,0.8359999656677246,0.5563037395477295
211,0.843000054359436,0.5283552408218384
212,0.8790000081062317,0.4003378748893738
213,0.9010000228881836,0.3571851849555969
214,0.831000030040741,0.5266273617744446
215,0.8359999656677246,0.5653671622276306
216,0.8269999623298645,0.5799697041511536
217,0.8529999852180481,0.46397560834884644
218,0.8700000047683716,0.4134983420372009
219,0.8799999952316284,0.40581536293029785
220,0.8659999966621399,0.46358680725097656
221,0.8769998550415039,0.40633782744407654
222,0.8860000371932983,0.39311113953590393
223,0.9180000424385071,0.3265675902366638
224,0.8479999303817749,0.4896533489227295
225,0.8700000047683716,0.4611244201660156
226,0.8709999918937683,0.4391449987888336
227,0.8539999723434448,0.4912493824958801
228,0.8510000109672546,0.5146955251693726
229,0.9100000262260437,0.3310750126838684
230,0.847000002861023,0.49275022745132446
231,0.8729999661445618,0.419882595539093
232,0.9039999842643738,0.3121175169944763
233,0.8719999194145203,0.4103190004825592
234,0.8189999461174011,0.5241734981536865
235,0.8410000801086426,0.48398837447166443
236,0.875,0.40986189246177673
237,0.8920000195503235,0.3586145043373108
238,0.8790000081062317,0.38625210523605347
239,0.8640000224113464,0.4110890328884125
240,0.8270000219345093,0.5680319666862488
241,0.8970000147819519,0.3653523623943329
242,0.8689999580383301,0.4175533652305603
243,0.8880000114440918,0.37392500042915344
244,0.9150000810623169,0.27196770906448364
245,0.8300000429153442,0.542229950428009
246,0.8999999761581421,0.4098864495754242
247,0.9049999117851257,0.3350706696510315
248,0.8969999551773071,0.33822235465049744
249,0.8949999809265137,0.4218299984931946
250,0.8869999647140503,0.37655943632125854
251,0.8739999532699585,0.38530102372169495
252,0.9039999842643738,0.31738194823265076
253,0.8899999856948853,0.3832244575023651
254,0.9229999780654907,0.2962130904197693
255,0.9180000424385071,0.2782741189002991
256,0.9239999651908875,0.2700934410095215
257,0.8840000033378601,0.43088436126708984
258,0.8969999551773071,0.37139326333999634
259,0.9059999585151672,0.31984275579452515
260,0.9139999151229858,0.28517311811447144
261,0.909000039100647,0.32347893714904785
262,0.8730000257492065,0.39525407552719116
263,0.9129999876022339,0.2588420510292053
264,0.9149999618530273,0.32306918501853943
265,0.8780000805854797,0.42331114411354065
266,0.9259999990463257,0.2697814404964447
267,0.8840000033378601,0.3625484108924866
268,0.9079999923706055,0.42314377427101135
269,0.9279999732971191,0.2517891526222229
270,0.902999997138977,0.32455283403396606
271,0.9279999732971191,0.27090173959732056
272,0.8799999952316284,0.4177126884460449
273,0.9160000085830688,0.31245940923690796
274,0.9309999346733093,0.2624848783016205
275,0.9569999575614929,0.15325817465782166
276,0.9010000228881836,0.3619801104068756
277,0.8959999084472656,0.37033510208129883
278,0.9739999771118164,0.12488578259944916
279,0.9379999041557312,0.2843864858150482
280,0.9100000262260437,0.29380956292152405
281,0.8920000195503235,0.34111300110816956
282,0.900999903678894,0.3767411708831787
283,0.934999942779541,0.21358442306518555
284,0.9279999732971191,0.26550596952438354
285,0.9019999504089355,0.33045899868011475
286,0.9179999232292175,0.27049994468688965
287,0.890999972820282,0.4190540313720703
288,0.902999997138977,0.3591923117637634
289,0.909000039100647,0.36364856362342834
290,0.9179999232292175,0.29121917486190796
291,0.9199999570846558,0.338095486164093
292,0.9350000619888306,0.2182604968547821
293,0.9290000200271606,0.2671510577201843
294,0.9409999847412109,0.24392132461071014
295,0.9359999895095825,0.2565746009349823
296,0.9519999623298645,0.19693659245967865
297,0.9279999732971191,0.260540634393692
298,0.9299999475479126,0.2541324496269226
299,0.9120000004768372,0.32266348600387573
300,0.9409999847412109,0.24343833327293396
