1,0.1289999932050705,122.5928726196289
2,0.16499999165534973,8.979082107543945
3,0.1810000091791153,12.84257984161377
4,0.15799999237060547,5.101287841796875
5,0.15299999713897705,2.9829719066619873
6,0.18400001525878906,3.2911205291748047
7,0.1770000010728836,3.2132999897003174
8,0.18299999833106995,3.035989999771118
9,0.19099999964237213,2.6398892402648926
10,0.1770000159740448,2.764669418334961
11,0.1990000158548355,2.7355916500091553
12,0.20100001990795135,3.8950035572052
13,0.1730000078678131,2.8989901542663574
14,0.1979999989271164,2.926452159881592
15,0.1850000023841858,2.82102632522583
16,0.1889999955892563,3.1886653900146484
17,0.1769999861717224,2.983874559402466
18,0.1940000057220459,2.6548314094543457
19,0.20600000023841858,2.6685657501220703
20,0.1770000010728836,2.9628443717956543
21,0.22200000286102295,2.65797758102417
22,0.17899999022483826,2.644963502883911
23,0.23599998652935028,2.2320704460144043
24,0.19200000166893005,2.464556932449341
25,0.19599999487400055,2.794982433319092
26,0.19600000977516174,2.364772319793701
27,0.23200002312660217,2.226273775100708
28,0.20500001311302185,2.2014639377593994
29,0.20000000298023224,2.463923931121826
30,0.2370000183582306,2.0368504524230957
31,0.19100001454353333,2.583521842956543
32,0.24700000882148743,2.364647626876831
33,0.20000000298023224,2.4241690635681152
34,0.2199999839067459,2.4628920555114746
35,0.25,2.5121021270751953
36,0.2329999953508377,2.170836925506592
37,0.22300000488758087,2.3757662773132324
38,0.2069999873638153,2.3506112098693848
39,0.24400000274181366,2.1264994144439697
40,0.2150000035762787,2.513310432434082
41,0.2550000250339508,2.0208230018615723
42,0.2590000033378601,2.064948558807373
43,0.23900000751018524,2.039105176925659
44,0.24500000476837158,2.1484789848327637
45,0.2770000100135803,1.9963935613632202
46,0.26500001549720764,2.0304198265075684
47,0.265999972820282,1.9992948770523071
48,0.2759999632835388,2.1379995346069336
49,0.2919999957084656,1.91388738155365
50,0.284000039100647,2.0308072566986084
51,0.28600001335144043,1.9187800884246826
52,0.2839999794960022,2.1127569675445557
53,0.29100000858306885,1.9013553857803345
54,0.2680000066757202,2.0864906311035156
55,0.30800002813339233,1.846217393875122
56,0.2840000092983246,1.9610658884048462
57,0.32499998807907104,1.8624908924102783
58,0.31599998474121094,1.9290975332260132
59,0.29099997878074646,1.9036222696304321
60,0.26600000262260437,2.121537446975708
61,0.29100003838539124,1.9652124643325806
62,0.281000018119812,1.9426076412200928
63,0.31199997663497925,2.023236036300659
64,0.3070000112056732,2.0287609100341797
65,0.27300000190734863,1.978790283203125
66,0.32100000977516174,1.8817684650421143
67,0.3449999988079071,1.7779783010482788
68,0.35600000619888306,1.8268505334854126
69,0.3529999852180481,1.7823917865753174
70,0.3269999921321869,1.8922550678253174
71,0.3100000023841858,1.953897476196289
72,0.3540000021457672,1.7190605401992798
73,0.32499998807907104,1.795792818069458
74,0.36400002241134644,1.7972400188446045
75,0.3370000123977661,1.789960265159607
76,0.335999995470047,1.989953637123108
77,0.3850000500679016,1.7238428592681885
78,0.3920000195503235,1.7039153575897217
79,0.3110000193119049,2.038968801498413
80,0.3920000195503235,1.6853466033935547
81,0.4130000174045563,1.705026388168335
82,0.41100001335144043,1.6637487411499023
83,0.3879999816417694,1.6667102575302124
84,0.3999999463558197,1.719417929649353
85,0.4010000228881836,1.7563072443008423
86,0.36900001764297485,1.7023054361343384
87,0.44600000977516174,1.6182832717895508
88,0.43400001525878906,1.61301589012146
89,0.48000001907348633,1.562196969985962
90,0.42899999022483826,1.6462428569793701
91,0.4449999928474426,1.6091209650039673
92,0.4580000042915344,1.5348888635635376
93,0.4150000214576721,1.6871049404144287
94,0.4360000193119049,1.6612403392791748
95,0.46700000762939453,1.5036901235580444
96,0.4509999752044678,1.6248674392700195
97,0.4480000138282776,1.550115942955017
98,0.44099998474121094,1.584612488746643
99,0.4959999918937683,1.4508708715438843
100,0.47200003266334534,1.5829331874847412
101,0.4309999942779541,1.6660871505737305
102,0.48799997568130493,1.5562818050384521
103,0.5130000114440918,1.4665896892547607
104,0.47200003266334534,1.5878549814224243
105,0.47600001096725464,1.5751571655273438
106,0.5199999809265137,1.487461805343628
107,0.5189999938011169,1.4903234243392944
108,0.49799996614456177,1.4400399923324585
109,0.5010000467300415,1.4986484050750732
110,0.5049999952316284,1.471459984779358
111,0.546999990940094,1.3620764017105103
112,0.5059999823570251,1.452214241027832
113,0.527999997138977,1.3910009860992432
114,0.4780000150203705,1.6353604793548584
115,0.4829999804496765,1.5615392923355103
116,0.5149999856948853,1.4718366861343384
117,0.5419999957084656,1.3713481426239014
118,0.5329999923706055,1.4240849018096924
119,0.5269999504089355,1.4500188827514648
120,0.574999988079071,1.3001282215118408
121,0.5189999938011169,1.3892619609832764
122,0.5769999623298645,1.36016047000885
123,0.5510000586509705,1.3745542764663696
124,0.5390000343322754,1.4307615756988525
125,0.528999924659729,1.5027172565460205
126,0.5370000004768372,1.4787776470184326
127,0.5609999895095825,1.366520881652832
128,0.593000054359436,1.2684358358383179
129,0.5470000505447388,1.368072748184204
130,0.6019999980926514,1.248438835144043
131,0.5590000152587891,1.345947027206421
132,0.6369999647140503,1.161297082901001
133,0.6130000352859497,1.2101213932037354
134,0.625,1.133592128753662
135,0.5989999771118164,1.2698395252227783
136,0.6249999403953552,1.1953834295272827
137,0.5489999651908875,1.4189928770065308
138,0.6600000262260437,1.101334571838379
139,0.6180000305175781,1.2097203731536865
140,0.6299999952316284,1.2092437744140625
141,0.5920000076293945,1.2842705249786377
142,0.574999988079071,1.3273367881774902
143,0.6839999556541443,1.0345466136932373
144,0.5749999284744263,1.3677257299423218
145,0.6359999775886536,1.1576464176177979
146,0.6009999513626099,1.3051093816757202
147,0.6489999890327454,1.0992299318313599
148,0.6189999580383301,1.1850320100784302
149,0.6260000467300415,1.231735348701477
150,0.5770000219345093,1.2535871267318726
151,0.6769999861717224,1.0895317792892456
152,0.6460000276565552,1.1238552331924438
153,0.6480000615119934,1.0977647304534912
154,0.6680000424385071,1.0738608837127686
155,0.6940000057220459,1.0130012035369873
156,0.6399999856948853,1.2414058446884155
157,0.6739999651908875,1.0744743347167969
158,0.6800000071525574,1.042013168334961
159,0.6430000066757202,1.175244688987732
160,0.6470000147819519,1.1603235006332397
161,0.6949999928474426,0.9953152537345886
162,0.6629999876022339,1.0354267358779907
163,0.6990000009536743,0.9953054189682007
164,0.7129999399185181,0.8980388641357422
165,0.7020000219345093,0.9845582842826843
166,0.6880000829696655,0.9860660433769226
167,0.6899999380111694,1.0268299579620361
168,0.6990000009536743,0.9470199346542358
169,0.6330000162124634,1.1505781412124634
170,0.6850000619888306,1.066707968711853
171,0.6930000185966492,1.0154705047607422
172,0.699999988079071,0.9829405546188354
173,0.7070000171661377,1.0059173107147217
174,0.659000039100647,1.0893561840057373
175,0.7219999432563782,0.9378387331962585
176,0.7080000042915344,0.9834867715835571
177,0.7259999513626099,0.9130500555038452
178,0.6710000038146973,1.0905678272247314
179,0.7350000143051147,0.9052200317382812
180,0.7770000100135803,0.7277768850326538
181,0.7600000500679016,0.8178780674934387
182,0.7590000033378601,0.8683522343635559
183,0.7300000190734863,0.9284083247184753
184,0.6930000185966492,0.9847993850708008
185,0.703000009059906,0.96685391664505
186,0.7539999485015869,0.8323425054550171
187,0.8079999685287476,0.6590086817741394
188,0.7870000600814819,0.7524062395095825
189,0.7359999418258667,0.9025805592536926
190,0.7599999308586121,0.8085692524909973
191,0.6929999589920044,0.9816337823867798
192,0.7879999876022339,0.7302989959716797
193,0.7210000157356262,0.9799873232841492
194,0.7519999742507935,0.9427334666252136
195,0.7540000081062317,0.8016998171806335
196,0.777999997138977,0.7595660090446472
197,0.75,0.8853434324264526
198,0.7949999570846558,0.7070905566215515
199,0.722000002861023,0.9195000529289246
200,0.7610000371932983,0.7868474721908569
201,0.7769999504089355,0.7836233973503113
202,0.7639999985694885,0.8247939944267273
203,0.6880000233650208,1.0636974573135376
204,0.843999981880188,0.5855350494384766
205,0.775999903678894,0.8126596212387085
206,0.7409999966621399,0.901583194732666
207,0.7699999809265137,0.7615388035774231
208,0.796999990940094,0.7323282361030579
209,0.8330000042915344,0.6437023282051086
210,0.7979999780654907,0.7098581790924072
211,0.7420000433921814,0.8954006433486938
212,0.7630000114440918,0.8345235586166382
213,0.7720000147819519,0.7823339700698853
214,0.7869999408721924,0.8485616445541382
215,0.7890000939369202,0.7585420608520508
216,0.8079999685287476,0.691860556602478
217,0.843999981880188,0.6174459457397461
218,0.8379999995231628,0.6232544779777527
219,0.8090000152587891,0.6934000849723816
220,0.7660000324249268,0.8591230511665344
221,0.8079999685287476,0.6973115801811218
222,0.7480000257492065,0.8417649269104004
223,0.7940000295639038,0.7108584642410278
224,0.7710000276565552,0.7778517007827759
225,0.7649999856948853,0.7941605448722839
226,0.7960000038146973,0.7417520880699158
227,0.8229999542236328,0.6335752606391907
228,0.8229999542236328,0.6131757497787476
229,0.8880000114440918,0.44314640760421753
230,0.7400000095367432,1.0136845111846924
231,0.7709999680519104,0.8044951558113098
232,0.8029999732971191,0.6658734083175659
233,0.7990000247955322,0.6690900921821594
234,0.7849999666213989,0.747308611869812
235,0.8019999265670776,0.7711766362190247
236,0.793999969959259,0.7246554493904114
237,0.8680000305175781,0.5026745200157166
238,0.8300000429153442,0.6235491037368774
239,0.793999969959259,0.7394682765007019
240,0.8189999461174011,0.6353307962417603
241,0.8180000185966492,0.6691875457763672
242,0.8389999270439148,0.5753988027572632
243,0.796999990940094,0.7160619497299194
244,0.8159999847412109,0.6939206719398499
245,0.8050000071525574,0.6959794759750366
246,0.8469999432563782,0.5776269435882568
247,0.831000030040741,0.6220595240592957
248,0.8289999961853027,0.7297088503837585
249,0.8030000925064087,0.6772916316986084
250,0.8300000429153442,0.6132270097732544
251,0.8809999227523804,0.4439796805381775
252,0.8669999837875366,0.5284425616264343
253,0.800000011920929,0.7409688234329224
254,0.7899999618530273,0.7652189135551453
255,0.859000027179718,0.5783224701881409
256,0.85999995470047,0.5510729551315308
257,0.831000030040741,0.5475350618362427
258,0.8240000009536743,0.693193793296814
259,0.8899999856948853,0.4160192012786865
260,0.8379999995231628,0.6409521102905273
261,0.8479999303817749,0.5891216993331909
262,0.8529999852180481,0.5760565996170044
263,0.8319999575614929,0.6415829658508301
264,0.8689999580383301,0.5004881024360657
265,0.85999995470047,0.5156866312026978
266,0.859000027179718,0.5801051259040833
267,0.8799999356269836,0.49886900186538696
268,0.7989999651908875,0.6924375295639038
269,0.8690000772476196,0.48984289169311523
270,0.8469999432563782,0.5974653959274292
271,0.9039999842643738,0.3899161219596863
272,0.8639999628067017,0.5215556025505066
273,0.8539999723434448,0.5667112469673157
274,0.9229999780654907,0.3414589762687683
275,0.859000027179718,0.5481747388839722
276,0.8799999356269836,0.47551679611206055
277,0.8799999356269836,0.48340582847595215
278,0.8319999575614929,0.6945873498916626
279,0.8780000805854797,0.44677019119262695
280,0.9149999618530273,0.3956473469734192
281,0.8659999966621399,0.5297964811325073
282,0.8799999356269836,0.509145200252533
283,0.8799999952316284,0.49059978127479553
284,0.846000075340271,0.5766453742980957
285,0.8739999532699585,0.5342622399330139
286,0.8379999399185181,0.6243841648101807
287,0.9050000309944153,0.40051159262657166
288,0.8640000224113464,0.5413597226142883
289,0.8739999532699585,0.5538895130157471
290,0.875999927520752,0.5547673106193542
291,0.8600000143051147,0.5482511520385742
292,0.8989999890327454,0.3975343108177185
293,0.8539999723434448,0.567341685295105
294,0.8579999804496765,0.5072332620620728
295,0.8559999465942383,0.6124776601791382
296,0.8989999890327454,0.40805816650390625
297,0.8880000114440918,0.520927369594574
298,0.9020000696182251,0.3897767961025238
299,0.8669999241828918,0.5286054611206055
300,0.8920000195503235,0.4659236967563629
1,0.1550000011920929,27.62111473083496
2,0.15000000596046448,2.382990598678589
3,0.0949999988079071,20.72090721130371
4,0.17999999225139618,2.421175003051758
5,0.17000000178813934,77.80241394042969
6,0.10999999195337296,8.018219947814941
7,0.12000000476837158,8.948420524597168
8,0.2150000035762787,5.834816932678223
9,0.12999999523162842,3.713513135910034
10,0.17999999225139618,13.983993530273438
11,0.16500000655651093,4.960518836975098
12,0.17000000178813934,4.852492332458496
13,0.15000000596046448,2.7952280044555664
1,0.1599999964237213,102.31655883789062
2,0.20000000298023224,2.3812172412872314
3,0.09000000357627869,18.582416534423828
4,0.15000000596046448,2.6975209712982178
5,0.15000000596046448,11.025428771972656
6,0.1599999964237213,2.8473942279815674
7,0.14500001072883606,14.682141304016113
8,0.17999999225139618,3.3487491607666016
9,0.18000000715255737,5.8074564933776855
10,0.1599999964237213,3.095146417617798
11,0.16500000655651093,3.401085376739502
12,0.17500001192092896,2.9110963344573975
13,0.16500000655651093,2.375856876373291
14,0.1599999964237213,3.5283043384552
15,0.1899999976158142,14.288642883300781
16,0.16999998688697815,3.421288251876831
17,0.22499999403953552,3.4250118732452393
18,0.18500001728534698,3.933009624481201
19,0.15000000596046448,4.102275848388672
20,0.17499999701976776,3.4808897972106934
21,0.20499999821186066,2.9221301078796387
22,0.18500001728534698,2.7817962169647217
23,0.19500000774860382,3.1966519355773926
24,0.1599999964237213,5.019588947296143
25,0.19500000774860382,2.5643582344055176
26,0.17000000178813934,2.7051117420196533
27,0.20000000298023224,2.3143157958984375
28,0.20999999344348907,2.580510377883911
29,0.23499998450279236,2.515040636062622
30,0.2250000238418579,2.9435033798217773
31,0.1900000125169754,2.8070456981658936
32,0.20000000298023224,2.429934024810791
33,0.22999998927116394,2.545197010040283
34,0.2150000035762787,2.111072063446045
35,0.2150000035762787,2.5617716312408447
36,0.17499999701976776,6.25736665725708
37,0.22499999403953552,5.8782172203063965
38,0.2199999988079071,2.658120632171631
39,0.19499999284744263,4.08786153793335
40,0.17999999225139618,2.1494412422180176
41,0.24000000953674316,2.862637996673584
42,0.22499999403953552,2.863023281097412
43,0.17999999225139618,2.4654147624969482
44,0.2449999749660492,3.2482516765594482
45,0.1900000125169754,2.220761775970459
46,0.2150000035762787,2.155132532119751
47,0.25,2.049710750579834
48,0.2199999988079071,3.8666160106658936
49,0.18500001728534698,2.2537686824798584
50,0.22499999403953552,2.223891496658325
51,0.1849999874830246,2.542431354522705
52,0.24000000953674316,3.1090245246887207
53,0.19500000774860382,2.206740617752075
54,0.22499999403953552,2.364227771759033
55,0.23999997973442078,2.1116557121276855
56,0.21000000834465027,2.218780994415283
57,0.26500001549720764,2.102086067199707
58,0.25499996542930603,2.842127561569214
59,0.2750000059604645,2.182690143585205
60,0.22499999403953552,2.0789504051208496
61,0.20999999344348907,2.113337755203247
62,0.22499999403953552,2.3839807510375977
63,0.17000000178813934,2.195488452911377
64,0.26500001549720764,2.6001346111297607
65,0.20499999821186066,2.270508289337158
66,0.24500000476837158,2.301739454269409
67,0.23000001907348633,2.195946455001831
68,0.17499999701976776,3.182041883468628
69,0.27000001072883606,2.7914767265319824
70,0.2549999952316284,2.090102195739746
71,0.2800000011920929,1.899497389793396
72,0.22499999403953552,2.0972983837127686
73,0.25999999046325684,2.0112946033477783
74,0.20499999821186066,2.1965606212615967
75,0.24000000953674316,2.211733341217041
76,0.25,2.023392677307129
77,0.17999999225139618,2.1165740489959717
78,0.2449999749660492,2.0755200386047363
79,0.26500001549720764,2.0229732990264893
80,0.26500001549720764,2.2514309883117676
81,0.17000000178813934,2.098161220550537
82,0.2199999988079071,2.0724472999572754
83,0.2549999952316284,2.2129313945770264
84,0.24500000476837158,1.9696643352508545
85,0.25,1.9215980768203735
86,0.23499998450279236,2.08432936668396
87,0.27000001072883606,1.9534953832626343
88,0.24500000476837158,2.0077528953552246
89,0.2800000011920929,2.016633987426758
90,0.22999998927116394,2.0215115547180176
91,0.23500001430511475,1.958688497543335
92,0.29500001668930054,1.943981409072876
93,0.22499999403953552,2.041414499282837
94,0.2600000202655792,1.848779320716858
95,0.26500001549720764,1.8796799182891846
96,0.25,2.018044948577881
97,0.25999999046325684,2.012866258621216
98,0.2549999952316284,1.9608471393585205
99,0.27000001072883606,1.8351949453353882
100,0.3100000023841858,1.981406807899475
101,0.26500001549720764,1.854529619216919
102,0.2550000250339508,1.9263795614242554
103,0.23500001430511475,2.0329220294952393
104,0.3499999940395355,2.0062780380249023
105,0.2750000059604645,1.8496173620224
106,0.2800000309944153,1.8145427703857422
107,0.20000000298023224,2.088209867477417
108,0.3149999976158142,1.9040372371673584
109,0.24000000953674316,2.2175512313842773
110,0.25999999046325684,1.8852373361587524
111,0.20999999344348907,1.980672836303711
112,0.25,2.005182981491089
113,0.26500001549720764,1.912361741065979
114,0.2199999988079071,2.0335919857025146
115,0.22499999403953552,1.8352329730987549
116,0.2849999964237213,1.8149818181991577
117,0.2900000214576721,1.7827657461166382
118,0.26999998092651367,1.9959253072738647
119,0.26499998569488525,1.8579108715057373
120,0.23999997973442078,1.9047893285751343
121,0.2849999964237213,1.9121173620224
122,0.32499998807907104,1.6893116235733032
123,0.3050000071525574,1.9039533138275146
124,0.2750000059604645,1.8549821376800537
125,0.22499999403953552,1.9189321994781494
126,0.2800000011920929,1.9214836359024048
127,0.2750000059604645,1.7967532873153687
128,0.29500001668930054,1.974778413772583
129,0.22999998927116394,1.954648733139038
130,0.27000001072883606,1.8677873611450195
131,0.30000001192092896,1.8437401056289673
132,0.32499998807907104,1.6723291873931885
133,0.26500001549720764,1.9085830450057983
134,0.3400000035762787,1.7867571115493774
135,0.25,1.8873885869979858
136,0.29500001668930054,1.8157122135162354
137,0.3050000071525574,1.8705387115478516
138,0.29500001668930054,1.9184411764144897
139,0.3149999976158142,1.779376745223999
140,0.27000001072883606,1.908713698387146
141,0.26499998569488525,1.7851307392120361
142,0.33000001311302185,1.8038619756698608
143,0.2800000011920929,1.8516298532485962
144,0.32499998807907104,1.7189369201660156
145,0.3100000023841858,1.8429527282714844
146,0.2750000059604645,1.8349952697753906
147,0.2850000262260437,1.73907470703125
148,0.3499999940395355,2.278717279434204
149,0.23999997973442078,1.914485216140747
150,0.33000001311302185,1.8214870691299438
151,0.24500000476837158,1.85272216796875
152,0.2150000035762787,1.9368770122528076
153,0.27500003576278687,1.7842216491699219
154,0.2800000011920929,1.9359996318817139
155,0.27000001072883606,1.8973901271820068
156,0.29499998688697815,1.75589120388031
157,0.23999997973442078,1.8098297119140625
158,0.32500001788139343,1.7067447900772095
159,0.2800000011920929,1.8289629220962524
160,0.2900000214576721,1.8152881860733032
161,0.26500001549720764,1.8681621551513672
162,0.32999998331069946,1.7913753986358643
163,0.30000001192092896,1.6899904012680054
164,0.2150000035762787,1.935420036315918
165,0.25999999046325684,1.8569895029067993
166,0.3499999940395355,1.759350061416626
167,0.3149999976158142,1.9475421905517578
168,0.25999999046325684,1.7537704706192017
169,0.26500001549720764,1.7214542627334595
170,0.33500000834465027,1.7985165119171143
171,0.33000001311302185,1.8242759704589844
172,0.32500001788139343,1.8433811664581299
173,0.30000001192092896,1.7481180429458618
174,0.2799999713897705,1.9220441579818726
175,0.2800000011920929,1.8581428527832031
176,0.29500001668930054,1.7818505764007568
177,0.3199999928474426,1.7760980129241943
178,0.3400000035762787,1.6388698816299438
179,0.3100000023841858,1.7935349941253662
180,0.3100000023841858,1.720131516456604
181,0.33500000834465027,1.6943614482879639
182,0.3199999928474426,1.7194477319717407
183,0.3449999690055847,1.7947582006454468
184,0.2850000262260437,1.644234299659729
185,0.3050000071525574,1.7950503826141357
186,0.3400000035762787,1.7396857738494873
187,0.2800000309944153,1.7919776439666748
188,0.30000001192092896,1.8941634893417358
189,0.2800000309944153,1.7802724838256836
190,0.3449999690055847,1.625488042831421
191,0.3199999928474426,1.7524669170379639
192,0.3149999976158142,1.7031017541885376
193,0.3100000023841858,1.8474483489990234
194,0.2849999964237213,1.7616243362426758
195,0.2850000262260437,1.8841533660888672
196,0.3050000071525574,1.7455343008041382
197,0.35999998450279236,1.6459076404571533
198,0.3649999797344208,1.6546474695205688
199,0.27000001072883606,1.8299506902694702
200,0.36500000953674316,1.6238409280776978
201,0.34999996423721313,1.5986095666885376
202,0.4050000309944153,1.7837159633636475
203,0.3199999928474426,1.7639442682266235
204,0.3149999976158142,1.7419315576553345
205,0.320000022649765,1.6629260778427124
206,0.2500000298023224,1.7492969036102295
207,0.3400000035762787,1.759576439857483
208,0.32499998807907104,1.6612831354141235
209,0.3449999988079071,1.6691524982452393
210,0.35500001907348633,1.7421859502792358
211,0.32999998331069946,1.669193983078003
212,0.3449999690055847,1.7445085048675537
213,0.3149999976158142,1.6469589471817017
214,0.26499998569488525,1.7735424041748047
215,0.32999998331069946,1.7262274026870728
216,0.32499998807907104,1.6962993144989014
217,0.3199999928474426,1.7033542394638062
218,0.3149999976158142,1.7029205560684204
219,0.3500000238418579,1.6411041021347046
220,0.3149999976158142,1.6785905361175537
221,0.3349999785423279,1.684274435043335
222,0.3100000023841858,1.6840782165527344
223,0.36000004410743713,1.7094274759292603
224,0.32499998807907104,1.7544898986816406
225,0.3850000202655792,1.6428306102752686
226,0.35999998450279236,1.6824795007705688
227,0.3400000035762787,1.754400610923767
228,0.2900000214576721,1.762488603591919
229,0.26500001549720764,1.7371193170547485
230,0.3149999976158142,1.8026752471923828
231,0.3499999940395355,1.6508442163467407
232,0.3649999797344208,1.534350037574768
233,0.375,1.6200225353240967
234,0.3449999988079071,1.6799339056015015
235,0.3499999940395355,1.7247635126113892
236,0.37000003457069397,1.5954627990722656
237,0.3199999928474426,1.7481062412261963
238,0.36500000953674316,1.7331571578979492
239,0.3500000238418579,1.6467926502227783
240,0.3100000023841858,1.7722890377044678
241,0.2849999964237213,1.7352440357208252
242,0.35499998927116394,1.7255804538726807
243,0.3450000286102295,1.602887749671936
244,0.3449999988079071,1.7399647235870361
245,0.32999998331069946,1.7086689472198486
246,0.3800000250339508,1.6168944835662842
247,0.32999998331069946,1.7451927661895752
248,0.32499998807907104,1.7070573568344116
249,0.3100000023841858,1.6362075805664062
250,0.4000000059604645,1.6015541553497314
251,0.27000001072883606,1.80324387550354
252,0.35500001907348633,1.6003086566925049
253,0.3100000023841858,1.677350401878357
254,0.2600000202655792,1.8166182041168213
255,0.42000001668930054,1.4465224742889404
256,0.35500001907348633,1.8131158351898193
257,0.3050000071525574,1.832901954650879
258,0.3449999988079071,1.6776564121246338
259,0.375,1.5898430347442627
260,0.3199999928474426,1.744955062866211
261,0.32499998807907104,1.7246038913726807
262,0.3349999785423279,1.5718717575073242
263,0.37000003457069397,1.581459403038025
264,0.4099999964237213,1.6454931497573853
265,0.3649999797344208,1.601178765296936
266,0.3699999749660492,1.6600162982940674
267,0.38999998569488525,1.5088844299316406
268,0.35999998450279236,1.5032594203948975
269,0.440000057220459,1.598191499710083
270,0.3050000071525574,1.7285034656524658
271,0.4150000214576721,1.6189258098602295
272,0.375,1.678445816040039
273,0.4050000309944153,1.6406269073486328
274,0.375,1.5403498411178589
275,0.38499999046325684,1.631590485572815
276,0.35999998450279236,1.7281643152236938
277,0.3700000047683716,1.6122219562530518
278,0.4150000214576721,1.4964882135391235
279,0.41499996185302734,1.5946569442749023
280,0.39000001549720764,1.6508986949920654
281,0.4000000059604645,1.5394223928451538
282,0.3400000035762787,1.6140508651733398
283,0.36500000953674316,1.525353193283081
284,0.41999998688697815,1.6362316608428955
285,0.37999996542930603,1.5652612447738647
286,0.429999977350235,1.4109492301940918
287,0.35999998450279236,1.687247633934021
288,0.38999998569488525,1.5419185161590576
289,0.42500001192092896,1.5983394384384155
290,0.44999998807907104,1.475408911705017
291,0.29500001668930054,1.7739381790161133
292,0.4000000059604645,1.5463879108428955
293,0.35499998927116394,1.5739561319351196
294,0.4650000035762787,1.5280293226242065
295,0.3850000202655792,1.6775182485580444
296,0.42500001192092896,1.5366010665893555
297,0.35999998450279236,1.622147798538208
298,0.4350000023841858,1.4814255237579346
299,0.4399999678134918,1.3927501440048218
300,0.375,1.6035829782485962
1,0.14000000059604645,103.44747161865234
2,0.17299997806549072,44.1859245300293
3,0.15699999034404755,3.0210442543029785
4,0.17599999904632568,3.0405526161193848
5,0.15900000929832458,5.103099346160889
6,0.17600001394748688,4.440849781036377
7,0.17200002074241638,3.757735013961792
8,0.16200000047683716,2.784940719604492
9,0.18399998545646667,2.907855987548828
10,0.18900001049041748,2.7224411964416504
11,0.15300002694129944,3.2132954597473145
12,0.18799999356269836,2.6488940715789795
13,0.16200001537799835,2.591623306274414
14,0.19600000977516174,2.8582088947296143
15,0.17599999904632568,2.5885887145996094
16,0.20899999141693115,2.6857657432556152
17,0.17800001800060272,3.020230770111084
18,0.20500001311302185,2.5745182037353516
19,0.18800000846385956,2.973233461380005
20,0.20900002121925354,2.7482080459594727
21,0.22699999809265137,2.594499349594116
22,0.24300000071525574,2.4225101470947266
23,0.2120000123977661,2.6436052322387695
24,0.2150000035762787,2.6325337886810303
25,0.22200000286102295,2.5881574153900146
26,0.20600000023841858,2.5220947265625
27,0.24500000476837158,2.1963303089141846
28,0.21400001645088196,2.3488736152648926
29,0.20799998939037323,2.320072889328003
30,0.24700000882148743,2.142967700958252
31,0.24400000274181366,2.227799892425537
32,0.26100000739097595,2.1163382530212402
33,0.2540000081062317,2.2893197536468506
34,0.2789999842643738,2.0777008533477783
35,0.2460000216960907,2.721529006958008
36,0.2330000102519989,2.1616742610931396
37,0.27300000190734863,2.1238837242126465
38,0.2240000069141388,2.3318209648132324
39,0.2789999842643738,2.161365509033203
40,0.27399998903274536,2.0099546909332275
41,0.27300000190734863,1.9963185787200928
42,0.2849999964237213,2.0921719074249268
43,0.3110000193119049,2.0097575187683105
44,0.2590000033378601,2.2588720321655273
45,0.31200000643730164,1.9170490503311157
46,0.2930000126361847,1.8206045627593994
47,0.3240000009536743,1.8367092609405518
48,0.3149999678134918,1.8960033655166626
49,0.35899999737739563,1.7931007146835327
50,0.30399999022483826,1.8562753200531006
51,0.35499998927116394,1.8340343236923218
52,0.2900000214576721,2.0369253158569336
53,0.3330000042915344,1.8108644485473633
54,0.35600000619888306,1.7710683345794678
55,0.34599995613098145,1.751260757446289
56,0.3460000157356262,1.8402643203735352
57,0.4020000100135803,1.778101921081543
58,0.359000027179718,1.8189588785171509
59,0.40300002694129944,1.591125726699829
60,0.367000013589859,1.7394765615463257
61,0.3920000195503235,1.739336609840393
62,0.38099998235702515,1.7472931146621704
63,0.3699999749660492,1.7114921808242798
64,0.375,1.7196886539459229
65,0.3659999966621399,1.7200559377670288
66,0.38700002431869507,1.7040650844573975
67,0.37400001287460327,1.7891334295272827
68,0.3619999885559082,1.9050296545028687
69,0.4049999713897705,1.706123948097229
70,0.4150000214576721,1.5877907276153564
71,0.4189999997615814,1.5716501474380493
72,0.4350000023841858,1.5813839435577393
73,0.41200003027915955,1.6627109050750732
74,0.43599995970726013,1.6794929504394531
75,0.40699997544288635,1.684215784072876
76,0.4959999620914459,1.465663194656372
77,0.46399998664855957,1.6025739908218384
78,0.45900002121925354,1.5604946613311768
79,0.4740000367164612,1.6106460094451904
80,0.43699997663497925,1.6112943887710571
81,0.5010000467300415,1.4772312641143799
82,0.4700000286102295,1.523624062538147
83,0.4949999749660492,1.563057541847229
84,0.5259999632835388,1.4087365865707397
85,0.5220000147819519,1.3839633464813232
86,0.5060000419616699,1.4702447652816772
87,0.5799999833106995,1.268286943435669
88,0.5010000467300415,1.4489784240722656
89,0.4909999370574951,1.511772871017456
90,0.5249999761581421,1.4057247638702393
91,0.5960000157356262,1.1768101453781128
92,0.5099999904632568,1.477386474609375
93,0.5339999794960022,1.3786299228668213
94,0.5610000491142273,1.2665770053863525
95,0.49799996614456177,1.5105042457580566
96,0.5590000152587891,1.2962173223495483
97,0.5449999570846558,1.379848599433899
98,0.5709999799728394,1.3068979978561401
99,0.6150000691413879,1.1498453617095947
100,0.49299997091293335,1.5029823780059814
101,0.6009999513626099,1.0960743427276611
102,0.5509999990463257,1.360062599182129
103,0.6189999580383301,1.1566225290298462
104,0.574999988079071,1.352339267730713
105,0.5969999432563782,1.2423183917999268
106,0.5949999690055847,1.2200218439102173
107,0.5900000333786011,1.2025762796401978
108,0.5920000076293945,1.2644593715667725
109,0.5879999995231628,1.3763132095336914
110,0.6389999985694885,1.2013561725616455
111,0.6449999809265137,1.1075589656829834
112,0.5760000348091125,1.3697726726531982
113,0.593999981880188,1.2047607898712158
114,0.6449999809265137,1.0792142152786255
115,0.6759999990463257,1.0609848499298096
116,0.6159999966621399,1.1783181428909302
117,0.6340000033378601,1.1303108930587769
118,0.6309999227523804,1.161685585975647
119,0.6660000085830688,1.026625394821167
120,0.6549999713897705,1.07389235496521
121,0.6200000047683716,1.1625144481658936
122,0.7049999833106995,0.9767235517501831
123,0.6940000057220459,1.000840425491333
124,0.7160000205039978,0.943120002746582
125,0.6810000538825989,1.0216033458709717
126,0.6660000085830688,1.0976811647415161
127,0.6950000524520874,1.0413299798965454
128,0.6389999985694885,1.1959155797958374
129,0.6319999694824219,1.1629846096038818
130,0.6399999856948853,1.1694234609603882
131,0.7069999575614929,0.9101519584655762
132,0.75,0.8465879559516907
133,0.6730000376701355,1.0519540309906006
134,0.7049999833106995,0.9152522087097168
135,0.6940000057220459,1.0736833810806274
136,0.7670000195503235,0.7879470586776733
137,0.6970000267028809,0.9298427700996399
138,0.7389999628067017,0.8304414749145508
139,0.7289999127388,0.9158635139465332
140,0.7479999661445618,0.8397461771965027
141,0.7129999995231628,0.9430640935897827
142,0.781000018119812,0.7776854634284973
143,0.6840000152587891,0.9812707901000977
144,0.7749999761581421,0.7453216314315796
145,0.7229999303817749,0.9325791597366333
146,0.7459999918937683,0.8607522249221802
147,0.784000039100647,0.7873229384422302
148,0.7010000348091125,1.1175143718719482
149,0.7710000276565552,0.8278878927230835
150,0.6969999670982361,0.9753495454788208
151,0.765999972820282,0.8156763315200806
152,0.7960000038146973,0.698268711566925
153,0.7380000352859497,0.8636237978935242
154,0.7299999594688416,0.8912166357040405
155,0.7519999742507935,0.8279728889465332
156,0.7759999632835388,0.8071034550666809
157,0.7450000047683716,0.8337882161140442
158,0.793999969959259,0.7064132690429688
159,0.784000039100647,0.7614824175834656
160,0.7419999837875366,0.9033055305480957
161,0.8040000200271606,0.7118580937385559
162,0.7800000309944153,0.7646854519844055
163,0.7919999361038208,0.7520660161972046
164,0.7839999794960022,0.8185995221138
165,0.8119999766349792,0.6543612480163574
166,0.7749999761581421,0.7348923087120056
167,0.7799999713897705,0.837518036365509
168,0.8319999575614929,0.6375807523727417
169,0.8110000491142273,0.6689369082450867
170,0.7989999651908875,0.7043195962905884
171,0.7920000553131104,0.7437023520469666
172,0.8090000152587891,0.6744099855422974
173,0.7970000505447388,0.7039346694946289
174,0.8040000200271606,0.7043896913528442
175,0.784000039100647,0.7468875050544739
176,0.8189999461174011,0.6402987241744995
177,0.8269999623298645,0.6591965556144714
178,0.8020000457763672,0.7015313506126404
179,0.825999915599823,0.5973842740058899
180,0.8040000200271606,0.7119175791740417
181,0.841999888420105,0.5877816677093506
182,0.8069999814033508,0.7128775119781494
183,0.8270000219345093,0.6300297975540161
184,0.824999988079071,0.6566648483276367
185,0.8659999966621399,0.4996139109134674
186,0.8339999914169312,0.6556130647659302
187,0.8330000042915344,0.6601547002792358
188,0.7960000038146973,0.8242859840393066
189,0.8420000076293945,0.6204477548599243
190,0.8649999499320984,0.5090141892433167
191,0.8669999837875366,0.521970272064209
192,0.8189999461174011,0.6724492907524109
193,0.8319999575614929,0.6392689943313599
194,0.8609999418258667,0.5212953686714172
195,0.8189999461174011,0.6915848255157471
196,0.8379999995231628,0.5677210092544556
197,0.8379999995231628,0.6011897921562195
198,0.7829999923706055,0.8003071546554565
199,0.843000054359436,0.554282546043396
200,0.8729999661445618,0.524344265460968
201,0.8069999814033508,0.6519927978515625
202,0.8679999113082886,0.5585964918136597
203,0.843999981880188,0.5876457095146179
204,0.8809999227523804,0.47510480880737305
205,0.8640000224113464,0.4876607358455658
206,0.8630000352859497,0.5483142137527466
207,0.8159999847412109,0.7199344635009766
208,0.8930000066757202,0.4730932116508484
209,0.8739999532699585,0.5674737691879272
210,0.8159999847412109,0.6651173233985901
211,0.8529999852180481,0.5453312993049622
212,0.8799999952316284,0.4839576780796051
213,0.9050000309944153,0.39774343371391296
214,0.8460000157356262,0.5647675395011902
215,0.85999995470047,0.5638347268104553
216,0.8039999008178711,0.6810226440429688
217,0.8609999418258667,0.523550808429718
218,0.8500000238418579,0.504339337348938
219,0.8689999580383301,0.5229946970939636
220,0.8890000581741333,0.4467540681362152
221,0.8959999084472656,0.41817671060562134
222,0.8880000114440918,0.44460391998291016
223,0.902999997138977,0.38804760575294495
224,0.8159999847412109,0.6383785009384155
225,0.8549998998641968,0.5522652268409729
226,0.8690000772476196,0.4962691366672516
227,0.8620001077651978,0.5365626215934753
228,0.8519999384880066,0.5642334818840027
229,0.8980000615119934,0.4127774238586426
230,0.8550000190734863,0.5567123293876648
231,0.8999999165534973,0.41685470938682556
232,0.9210000038146973,0.35373455286026
233,0.8799999952316284,0.509796679019928
234,0.8300000429153442,0.6162101030349731
235,0.8299999237060547,0.6508955955505371
236,0.8890000581741333,0.45348840951919556
237,0.9030000567436218,0.4306824207305908
238,0.8819999694824219,0.45348113775253296
239,0.8629999160766602,0.5660160779953003
240,0.8280000686645508,0.6270630955696106
241,0.9209998846054077,0.35037657618522644
242,0.8869999647140503,0.47109317779541016
243,0.902999997138977,0.39999550580978394
244,0.9169999957084656,0.38627374172210693
245,0.8500000238418579,0.6112076044082642
246,0.919999897480011,0.3439493179321289
247,0.8840000033378601,0.47203126549720764
248,0.9219999313354492,0.3531098961830139
249,0.8830000162124634,0.486401230096817
250,0.8799999356269836,0.5279018878936768
251,0.8869999647140503,0.4567517638206482
252,0.8939999341964722,0.45727187395095825
253,0.8940000534057617,0.46381768584251404
254,0.9290000200271606,0.3109692931175232
255,0.9389999508857727,0.27093425393104553
256,0.9319999814033508,0.3212653696537018
257,0.8680000305175781,0.5242263078689575
258,0.8729999661445618,0.5046416521072388
259,0.9099999666213989,0.3928200602531433
260,0.9049999117851257,0.4088117182254791
261,0.8999999165534973,0.401503324508667
262,0.875,0.4663297235965729
263,0.9550000429153442,0.23639526963233948
264,0.9109999537467957,0.4536825120449066
265,0.8939999341964722,0.4477391242980957
266,0.9290000200271606,0.37482160329818726
267,0.9039999842643738,0.3932110369205475
268,0.9120000004768372,0.35495251417160034
269,0.8940000534057617,0.4871005117893219
270,0.9440000653266907,0.26865965127944946
271,0.9220000505447388,0.35348066687583923
272,0.8939999341964722,0.4719313979148865
273,0.9129999279975891,0.3847936689853668
274,0.9110000729560852,0.3670390248298645
275,0.9599999189376831,0.17518167197704315
276,0.8679999113082886,0.6029353141784668
277,0.9479999542236328,0.27019888162612915
278,0.9470000267028809,0.3063487410545349
279,0.9470000267028809,0.29930776357650757
280,0.9050000309944153,0.43116194009780884
281,0.9219999313354492,0.3325611650943756
282,0.8830000162124634,0.4951303005218506
283,0.9129999279975891,0.4063492715358734
284,0.9589999318122864,0.240496426820755
285,0.9169999957084656,0.38112109899520874
286,0.9239999651908875,0.3463815748691559
287,0.8879998922348022,0.46044254302978516
288,0.909000039100647,0.39950162172317505
289,0.9220000505447388,0.41993242502212524
290,0.8890000581741333,0.43741005659103394
291,0.9120000004768372,0.49312812089920044
292,0.9239999651908875,0.3662191927433014
293,0.9229999780654907,0.34321314096450806
294,0.9449999928474426,0.3141707479953766
295,0.9179999232292175,0.3476242423057556
296,0.9300000071525574,0.3248266577720642
297,0.9319999814033508,0.34769535064697266
298,0.9310000538825989,0.3373359739780426
299,0.9239999651908875,0.3333461880683899
300,0.9149999618530273,0.48670491576194763
1,0.14500001072883606,19.182109832763672
2,0.14500001072883606,2.3813538551330566
3,0.08999999612569809,3.738452434539795
4,0.16999998688697815,2.8281540870666504
5,0.17000000178813934,3.028693675994873
6,0.13500000536441803,12.723560333251953
7,0.1599999964237213,8.399788856506348
8,0.1900000125169754,4.005380153656006
9,0.14499999582767487,2.9356982707977295
10,0.15000000596046448,2.873387575149536
11,0.14000000059604645,5.557356834411621
12,0.1550000011920929,2.4505927562713623
13,0.17999999225139618,2.339857816696167
14,0.125,6.480294227600098
15,0.1900000125169754,2.598940134048462
16,0.19999998807907104,5.8607378005981445
17,0.17499999701976776,2.70031476020813
18,0.14500001072883606,6.546655178070068
19,0.19500000774860382,4.429836273193359
20,0.14000001549720764,6.891615390777588
21,0.19999998807907104,5.57214879989624
22,0.1899999976158142,2.9934723377227783
23,0.17499999701976776,3.918015956878662
24,0.17499999701976776,5.172153472900391
25,0.18500001728534698,4.817449569702148
26,0.15000000596046448,4.933830738067627
27,0.1300000101327896,2.300075054168701
28,0.17499999701976776,3.7231459617614746
29,0.20000000298023224,2.6655192375183105
30,0.2150000035762787,4.1013665199279785
31,0.19500000774860382,3.615374803543091
32,0.2250000238418579,2.3876354694366455
33,0.17500001192092896,2.476957321166992
34,0.20999999344348907,2.2205722332000732
35,0.1850000023841858,2.992959499359131
36,0.17500001192092896,3.569777011871338
37,0.20999999344348907,4.60138463973999
38,0.20000000298023224,2.3109519481658936
39,0.14000000059604645,3.4791717529296875
40,0.20000000298023224,2.748570203781128
41,0.2150000035762787,4.912229537963867
42,0.19499999284744263,3.0364723205566406
43,0.17499999701976776,3.244321823120117
44,0.21000000834465027,2.4878339767456055
45,0.17500001192092896,2.2270267009735107
46,0.20499999821186066,2.2162327766418457
47,0.27000004053115845,2.2761988639831543
48,0.21000000834465027,3.1065335273742676
49,0.1850000023841858,2.3905978202819824
50,0.14000001549720764,2.269148111343384
51,0.17999999225139618,2.285621166229248
52,0.2150000035762787,2.545375347137451
53,0.18000000715255737,2.264791250228882
54,0.23000001907348633,2.3538613319396973
55,0.1550000011920929,2.238384962081909
56,0.15000000596046448,2.3918299674987793
57,0.2550000250339508,2.1344995498657227
58,0.20999999344348907,4.471179008483887
59,0.1899999976158142,2.199699878692627
60,0.2199999988079071,2.228297472000122
61,0.17999999225139618,2.2548961639404297
62,0.16499999165534973,2.413419723510742
63,0.17500001192092896,2.163527011871338
64,0.2199999988079071,3.010688304901123
65,0.23500001430511475,2.17564058303833
66,0.2150000035762787,2.191348075866699
67,0.2750000059604645,3.080082416534424
68,0.17000000178813934,3.4698479175567627
69,0.20999999344348907,2.3533360958099365
70,0.21000000834465027,2.1239712238311768
71,0.2799999713897705,1.9345715045928955
72,0.1550000011920929,2.062325954437256
73,0.2800000011920929,2.1816296577453613
74,0.16500000655651093,2.227010726928711
75,0.20999999344348907,2.0606205463409424
76,0.23499998450279236,2.3580970764160156
77,0.17499999701976776,2.1501710414886475
78,0.2550000250339508,2.138397693634033
79,0.25999999046325684,2.201798915863037
80,0.17499999701976776,2.202312469482422
81,0.2199999988079071,2.197248697280884
82,0.20999999344348907,2.1260857582092285
83,0.20000000298023224,2.368264675140381
84,0.20499999821186066,2.0685670375823975
85,0.25,1.9476677179336548
86,0.2150000035762787,2.0872559547424316
87,0.22999998927116394,2.046955108642578
88,0.23499998450279236,2.1648871898651123
89,0.26999998092651367,2.141254186630249
90,0.25999999046325684,2.1474850177764893
91,0.20000000298023224,2.0846152305603027
92,0.21000000834465027,2.0691206455230713
93,0.18999998271465302,2.071733236312866
94,0.24500000476837158,1.864436149597168
95,0.24000000953674316,2.0580151081085205
96,0.1850000023841858,2.008101224899292
97,0.24000000953674316,2.0325496196746826
98,0.2800000309944153,2.2482473850250244
99,0.3100000023841858,1.9039878845214844
100,0.25999999046325684,2.0451622009277344
101,0.30000001192092896,1.92385995388031
102,0.23000001907348633,2.0062155723571777
103,0.29500001668930054,1.9098806381225586
104,0.27500003576278687,1.9625437259674072
105,0.2449999749660492,1.948366403579712
106,0.30000001192092896,1.9132341146469116
107,0.24000000953674316,2.030263662338257
108,0.3400000035762787,1.9014629125595093
109,0.22499999403953552,2.0772335529327393
110,0.2550000250339508,1.9231798648834229
111,0.19500000774860382,2.0681064128875732
112,0.26999998092651367,1.9625294208526611
113,0.23499998450279236,2.059513568878174
114,0.22999998927116394,2.0613362789154053
115,0.22499999403953552,1.835291862487793
116,0.2600000202655792,1.9424453973770142
117,0.2800000011920929,1.7980254888534546
118,0.24500000476837158,2.0281982421875
119,0.27000001072883606,1.961663842201233
120,0.25999999046325684,1.917483925819397
121,0.27000001072883606,1.8915579319000244
122,0.32499998807907104,1.7190039157867432
123,0.3149999976158142,1.904458999633789
124,0.22499999403953552,1.9114258289337158
125,0.2800000011920929,1.9065907001495361
126,0.26999998092651367,1.913771390914917
127,0.21000000834465027,1.985317587852478
128,0.3050000071525574,1.9918454885482788
129,0.2150000035762787,2.049362897872925
130,0.25,1.8365169763565063
131,0.2800000011920929,1.851426124572754
132,0.30000001192092896,1.8040637969970703
133,0.2549999952316284,1.9209849834442139
134,0.2750000059604645,1.7860534191131592
135,0.2750000059604645,1.987532615661621
136,0.3050000071525574,1.786590337753296
137,0.304999977350235,1.9979931116104126
138,0.2600000202655792,1.8352515697479248
139,0.27000001072883606,1.7936484813690186
140,0.2850000262260437,1.8966678380966187
141,0.25999999046325684,1.8960860967636108
142,0.33500000834465027,1.8491662740707397
143,0.2800000309944153,1.7943742275238037
144,0.26500001549720764,1.8520444631576538
145,0.3149999976158142,1.9424755573272705
146,0.24000000953674316,1.852108359336853
147,0.2900000214576721,1.767621636390686
148,0.33500000834465027,1.938362717628479
149,0.2750000059604645,1.923733115196228
150,0.2849999964237213,1.8548389673233032
151,0.2900000214576721,1.8157097101211548
152,0.17999999225139618,2.0555264949798584
153,0.2600000202655792,1.7807910442352295
154,0.30000001192092896,1.9333412647247314
155,0.30000001192092896,1.8438827991485596
156,0.30000001192092896,1.7326405048370361
157,0.2550000250339508,1.8480052947998047
158,0.3100000023841858,1.789083480834961
159,0.2750000059604645,1.8030685186386108
160,0.29500001668930054,1.8266270160675049
161,0.29999998211860657,1.8719329833984375
162,0.3149999976158142,1.815304160118103
163,0.3199999928474426,1.713491678237915
164,0.2150000035762787,1.902287244796753
165,0.2549999952316284,1.845760703086853
166,0.2850000262260437,1.7928835153579712
167,0.3100000023841858,1.8915135860443115
168,0.25999999046325684,1.762904405593872
169,0.2549999952316284,1.7668325901031494
170,0.3050000071525574,1.7311378717422485
171,0.37000003457069397,1.785355567932129
172,0.29499998688697815,1.957197904586792
173,0.2750000059604645,1.7381559610366821
174,0.33500003814697266,1.8465855121612549
175,0.29500001668930054,1.8791866302490234
176,0.32999998331069946,1.8403284549713135
177,0.35499998927116394,1.7138696908950806
178,0.32999998331069946,1.702345848083496
179,0.3399999737739563,1.765270471572876
180,0.3199999928474426,1.700263261795044
181,0.2850000262260437,1.7070649862289429
182,0.35499998927116394,1.6504510641098022
183,0.32999998331069946,1.8024530410766602
184,0.3199999928474426,1.6462990045547485
185,0.3199999928474426,1.7661241292953491
186,0.35999998450279236,1.7736892700195312
187,0.3100000023841858,1.8441264629364014
188,0.25999999046325684,1.8361343145370483
189,0.3499999940395355,1.7904188632965088
190,0.3800000250339508,1.7086570262908936
191,0.30000001192092896,1.7333462238311768
192,0.35999998450279236,1.70366632938385
193,0.2800000309944153,1.8652212619781494
194,0.26999998092651367,1.745246171951294
195,0.3100000023841858,1.928196668624878
196,0.3050000071525574,1.7320659160614014
197,0.3199999928474426,1.6670398712158203
198,0.3199999928474426,1.6213257312774658
199,0.30000001192092896,1.8576329946517944
200,0.3649999797344208,1.6645005941390991
201,0.39000001549720764,1.6069990396499634
202,0.33000001311302185,1.726488709449768
203,0.22499999403953552,1.7850618362426758
204,0.3500000238418579,1.6551082134246826
205,0.3400000035762787,1.6364545822143555
206,0.3149999976158142,1.7278413772583008
207,0.32999998331069946,1.7334835529327393
208,0.3149999976158142,1.692732572555542
209,0.3799999952316284,1.7186142206192017
210,0.35500001907348633,1.6845852136611938
211,0.3500000238418579,1.7515968084335327
212,0.35500001907348633,1.704395055770874
213,0.3449999988079071,1.7663463354110718
214,0.3799999952316284,1.7890739440917969
215,0.32999998331069946,1.7298688888549805
216,0.39000001549720764,1.5968170166015625
217,0.320000022649765,1.7603731155395508
218,0.3100000023841858,1.6647593975067139
219,0.39000001549720764,1.6120191812515259
220,0.32999998331069946,1.7380855083465576
221,0.3050000071525574,1.6942247152328491
222,0.3149999976158142,1.6567310094833374
223,0.32999998331069946,1.6667041778564453
224,0.35999998450279236,1.6904643774032593
225,0.3649999797344208,1.5767910480499268
226,0.35999998450279236,1.6259591579437256
227,0.32499998807907104,1.689745306968689
228,0.3149999976158142,1.7497087717056274
229,0.3449999988079071,1.6567541360855103
230,0.29999998211860657,1.8346458673477173
231,0.3400000035762787,1.7363125085830688
232,0.41999998688697815,1.4921127557754517
233,0.3799999952316284,1.5592396259307861
234,0.4050000309944153,1.6366246938705444
235,0.3499999940395355,1.6573562622070312
236,0.3500000238418579,1.663935661315918
237,0.32999998331069946,1.7716562747955322
238,0.39499998092651367,1.6149028539657593
239,0.3399999737739563,1.702951192855835
240,0.3050000071525574,1.71869695186615
241,0.3499999940395355,1.720263123512268
242,0.4399999976158142,1.679983377456665
243,0.36500000953674316,1.6601251363754272
244,0.3799999952316284,1.7270358800888062
245,0.45500001311302185,1.5928552150726318
246,0.3700000047683716,1.6576383113861084
247,0.3699999749660492,1.741729736328125
248,0.3499999940395355,1.6697057485580444
249,0.36500000953674316,1.566737413406372
250,0.39499998092651367,1.6101958751678467
251,0.3100000023841858,1.76751708984375
252,0.38499999046325684,1.5582337379455566
253,0.3100000023841858,1.6781833171844482
254,0.3400000035762787,1.7075588703155518
255,0.4350000023841858,1.4405262470245361
256,0.39000001549720764,1.596024751663208
257,0.3199999928474426,1.8765004873275757
258,0.37999996542930603,1.6643402576446533
259,0.429999977350235,1.4940580129623413
260,0.3100000023841858,1.8184150457382202
261,0.3450000286102295,1.6646970510482788
262,0.42500001192092896,1.62692129611969
263,0.39500001072883606,1.5531065464019775
264,0.3850000202655792,1.6433372497558594
265,0.36500000953674316,1.6699844598770142
266,0.39000001549720764,1.6933187246322632
267,0.3649999797344208,1.5359958410263062
268,0.4399999678134918,1.3989720344543457
269,0.45500001311302185,1.5964423418045044
270,0.38999998569488525,1.5946307182312012
271,0.4650000035762787,1.5578010082244873
272,0.4100000262260437,1.648776650428772
273,0.39000001549720764,1.6206510066986084
274,0.4599999785423279,1.4275343418121338
275,0.41999998688697815,1.5282787084579468
276,0.38499999046325684,1.6857455968856812
277,0.375,1.6139755249023438
278,0.3800000250339508,1.465718388557434
279,0.3750000298023224,1.6519393920898438
280,0.3449999690055847,1.657541036605835
281,0.39499998092651367,1.5397244691848755
282,0.38999998569488525,1.5320378541946411
283,0.39499998092651367,1.5075464248657227
284,0.4099999964237213,1.585465669631958
285,0.4099999964237213,1.6219323873519897
286,0.45500001311302185,1.4234241247177124
287,0.4350000023841858,1.6505438089370728
288,0.42500001192092896,1.528944730758667
289,0.39500004053115845,1.6303861141204834
290,0.4899999499320984,1.4037675857543945
291,0.33500000834465027,1.6339744329452515
292,0.4350000023841858,1.4365251064300537
293,0.39499998092651367,1.5549806356430054
294,0.4699999690055847,1.4835456609725952
295,0.4150000214576721,1.5134589672088623
296,0.45500001311302185,1.4040648937225342
297,0.4099999964237213,1.5925899744033813
298,0.429999977350235,1.4387757778167725
299,0.48000001907348633,1.3128019571304321
300,0.4300000071525574,1.5416957139968872
1,0.12000000476837158,24.965768814086914
2,0.14500001072883606,2.3772857189178467
3,0.15000000596046448,3.194122552871704
4,0.1600000113248825,11.66271686553955
5,0.16500000655651093,3.4327971935272217
6,0.15000000596046448,35.238494873046875
7,0.125,3.0713064670562744
8,0.19999998807907104,3.0401811599731445
9,0.1550000011920929,2.835045576095581
10,0.16500000655651093,5.7492241859436035
11,0.18000000715255737,2.8243703842163086
12,0.1600000113248825,4.114064693450928
13,0.16999998688697815,5.091148376464844
14,0.14500001072883606,4.570578575134277
15,0.13500000536441803,7.225811958312988
16,0.1900000125169754,6.019558906555176
17,0.20499999821186066,8.387090682983398
18,0.20999999344348907,3.502066135406494
19,0.1900000125169754,6.676097869873047
20,0.20500001311302185,2.546217441558838
21,0.20499999821186066,2.35607647895813
22,0.17499999701976776,3.916808605194092
23,0.22999998927116394,4.524989128112793
24,0.15000000596046448,4.705902576446533
25,0.23499998450279236,3.3786323070526123
26,0.23499998450279236,3.3459105491638184
27,0.1899999976158142,2.4225168228149414
28,0.17999999225139618,7.388453483581543
29,0.20499999821186066,2.378308057785034
30,0.1900000125169754,3.2221603393554688
31,0.20000000298023224,2.285017728805542
32,0.20499999821186066,2.8602712154388428
33,0.20000000298023224,4.518631935119629
34,0.2199999988079071,2.287567615509033
35,0.2150000035762787,5.71497106552124
36,0.22499999403953552,8.685275077819824
37,0.22499999403953552,7.299493312835693
38,0.23500001430511475,5.112674236297607
39,0.24000000953674316,3.4253478050231934
40,0.19499999284744263,3.0378105640411377
41,0.25999999046325684,3.0224742889404297
42,0.24000000953674316,3.0191123485565186
43,0.2199999988079071,3.6398041248321533
44,0.18000000715255737,4.169441223144531
45,0.2199999988079071,2.097616672515869
46,0.20500001311302185,2.1743321418762207
47,0.20999999344348907,2.068507671356201
48,0.27000001072883606,3.5319831371307373
49,0.2199999988079071,2.1069114208221436
50,0.2549999952316284,2.206313371658325
51,0.20500001311302185,2.5055365562438965
52,0.24000000953674316,2.50654935836792
53,0.22999998927116394,2.1918160915374756
54,0.26500001549720764,2.1650633811950684
55,0.20999999344348907,2.1270058155059814
56,0.20500001311302185,2.2889697551727295
57,0.24000000953674316,2.2144789695739746
58,0.24500000476837158,2.4927172660827637
59,0.25,2.0476393699645996
60,0.23499998450279236,2.107828140258789
61,0.20500001311302185,2.1588826179504395
62,0.24500003457069397,2.5696310997009277
63,0.20999999344348907,2.1516475677490234
64,0.23500001430511475,2.8345437049865723
65,0.2800000011920929,2.1182761192321777
66,0.2849999964237213,2.0036041736602783
67,0.22499999403953552,2.305128812789917
68,0.17999999225139618,2.3167195320129395
69,0.26999998092651367,2.1226556301116943
70,0.26500001549720764,2.089282274246216
71,0.2900000214576721,1.8906444311141968
72,0.2150000035762787,2.0415773391723633
73,0.2549999952316284,2.1646976470947266
74,0.2150000035762787,2.185358762741089
75,0.24500000476837158,2.7813918590545654
76,0.22999998927116394,2.0737273693084717
77,0.22999998927116394,2.128812074661255
78,0.23000001907348633,2.0714919567108154
79,0.23000001907348633,2.508195161819458
80,0.20999999344348907,2.2974815368652344
81,0.23000001907348633,2.177912950515747
82,0.20500001311302185,1.9875280857086182
83,0.2800000011920929,2.1223268508911133
84,0.23000001907348633,1.9923839569091797
85,0.2500000298023224,1.9446500539779663
86,0.2800000011920929,2.055492877960205
87,0.2549999952316284,1.9424324035644531
88,0.22499999403953552,2.0081005096435547
89,0.2550000250339508,2.045093536376953
90,0.23000001907348633,2.022059917449951
91,0.2449999749660492,1.9638856649398804
92,0.2750000059604645,2.037243366241455
93,0.23499998450279236,2.0516631603240967
94,0.27500003576278687,1.791229009628296
95,0.29500001668930054,1.8123779296875
96,0.22499999403953552,1.975335717201233
97,0.25999999046325684,1.9463508129119873
98,0.2750000059604645,2.0712244510650635
99,0.2849999964237213,1.873708724975586
100,0.28999999165534973,2.0598034858703613
101,0.3050000071525574,1.8584026098251343
102,0.23000001907348633,1.935850739479065
103,0.2549999952316284,1.9627310037612915
104,0.2549999952316284,1.9122533798217773
105,0.2849999964237213,1.8396596908569336
106,0.2900000214576721,1.8280203342437744
107,0.26500001549720764,1.9866828918457031
108,0.32999998331069946,1.8211008310317993
109,0.22499999403953552,2.1251749992370605
110,0.23500001430511475,1.8870604038238525
111,0.21000000834465027,1.9977813959121704
112,0.30000001192092896,1.9060771465301514
113,0.3050000071525574,1.8272781372070312
114,0.2849999964237213,2.1083462238311768
115,0.2900000214576721,1.762245535850525
116,0.28999999165534973,1.7955105304718018
117,0.2800000011920929,1.8054254055023193
118,0.27500003576278687,2.1146323680877686
119,0.3149999976158142,1.8572139739990234
120,0.24000000953674316,1.9252192974090576
121,0.26500001549720764,1.8640025854110718
122,0.2900000214576721,1.7268539667129517
123,0.33000001311302185,1.7931667566299438
124,0.25999999046325684,1.8426916599273682
125,0.25999999046325684,1.9202072620391846
126,0.32999998331069946,1.8165374994277954
127,0.23999997973442078,1.923222541809082
128,0.29499998688697815,1.942443609237671
129,0.26999998092651367,1.9172626733779907
130,0.2849999964237213,1.8091964721679688
131,0.27000004053115845,1.8064296245574951
132,0.32499998807907104,1.7011387348175049
133,0.3100000023841858,1.8752254247665405
134,0.3100000023841858,1.7491967678070068
135,0.2800000309944153,1.8961251974105835
136,0.3050000071525574,1.7945528030395508
137,0.3149999976158142,1.9523537158966064
138,0.2849999964237213,1.8120235204696655
139,0.2900000214576721,1.7048289775848389
140,0.3050000071525574,1.8440746068954468
141,0.25999999046325684,1.8045402765274048
142,0.32499998807907104,1.7288564443588257
143,0.2550000250339508,1.7619965076446533
144,0.3050000071525574,1.7096582651138306
145,0.29499998688697815,1.83419668674469
146,0.2800000011920929,1.841962456703186
147,0.26500001549720764,1.703453779220581
148,0.375,1.718684434890747
149,0.2849999964237213,1.9172134399414062
150,0.3100000023841858,1.8317989110946655
151,0.2750000059604645,1.7495934963226318
152,0.22999998927116394,1.9872076511383057
153,0.2800000011920929,1.7775468826293945
154,0.3400000035762787,1.8313586711883545
155,0.30000001192092896,1.8486690521240234
156,0.29499998688697815,1.6574971675872803
157,0.26999998092651367,1.7732627391815186
158,0.2900000214576721,1.6804437637329102
159,0.33000001311302185,1.8015590906143188
160,0.3050000071525574,1.8154022693634033
161,0.30000001192092896,1.8088897466659546
162,0.3100000023841858,1.7822673320770264
163,0.3400000035762787,1.7083523273468018
164,0.25,1.9440333843231201
165,0.28999999165534973,1.8210992813110352
166,0.3649999797344208,1.71559739112854
167,0.2550000250339508,1.889277696609497
168,0.23499998450279236,1.719655990600586
169,0.3149999976158142,1.7106497287750244
170,0.3700000047683716,1.7483806610107422
171,0.375,1.7798229455947876
172,0.3050000071525574,1.7884864807128906
173,0.3349999785423279,1.710381269454956
174,0.29499998688697815,1.7865879535675049
175,0.3050000071525574,1.9215761423110962
176,0.3050000071525574,1.7300584316253662
177,0.33500000834465027,1.781916856765747
178,0.35500001907348633,1.6217260360717773
179,0.3449999988079071,1.7298786640167236
180,0.3149999976158142,1.6135737895965576
181,0.32499998807907104,1.6845722198486328
182,0.32999998331069946,1.6046816110610962
183,0.3149999976158142,1.747422218322754
184,0.3399999737739563,1.6196197271347046
185,0.28999999165534973,1.7825733423233032
186,0.3400000035762787,1.684888482093811
187,0.29500001668930054,1.7851369380950928
188,0.29499998688697815,1.8249988555908203
189,0.29999998211860657,1.7024688720703125
190,0.39000001549720764,1.6715437173843384
191,0.3149999976158142,1.6273276805877686
192,0.3400000035762787,1.6742767095565796
193,0.3050000071525574,1.8159927129745483
194,0.26999998092651367,1.7127456665039062
195,0.30000001192092896,1.947516679763794
196,0.3399999737739563,1.6615756750106812
197,0.3050000071525574,1.6109946966171265
198,0.3699999749660492,1.6458574533462524
199,0.304999977350235,1.8154836893081665
200,0.39500001072883606,1.5943431854248047
201,0.36000001430511475,1.5975427627563477
202,0.3699999749660492,1.7325025796890259
203,0.29499998688697815,1.6906383037567139
204,0.3449999988079071,1.7095024585723877
205,0.32499998807907104,1.6495048999786377
206,0.2900000214576721,1.6575199365615845
207,0.3799999952316284,1.6190372705459595
208,0.3449999988079071,1.6892414093017578
209,0.375,1.6218894720077515
210,0.33000001311302185,1.7173480987548828
211,0.39000001549720764,1.6691814661026
212,0.3100000023841858,1.6713082790374756
213,0.32499998807907104,1.6878935098648071
214,0.32999998331069946,1.6835658550262451
215,0.32499998807907104,1.7794578075408936
216,0.32499998807907104,1.5855846405029297
217,0.29500001668930054,1.6493022441864014
218,0.36500000953674316,1.6087608337402344
219,0.38499999046325684,1.593395471572876
220,0.32499998807907104,1.6117973327636719
221,0.3449999690055847,1.6222572326660156
222,0.33500000834465027,1.6096992492675781
223,0.3999999761581421,1.650512456893921
224,0.3199999928474426,1.7007954120635986
225,0.39000001549720764,1.5726343393325806
226,0.39000001549720764,1.5697650909423828
227,0.3149999976158142,1.6756902933120728
228,0.3499999940395355,1.6783320903778076
229,0.36500000953674316,1.6911147832870483
230,0.3349999785423279,1.789655327796936
231,0.38999998569488525,1.6224663257598877
232,0.4099999964237213,1.4759904146194458
233,0.4000000059604645,1.485744595527649
234,0.41999998688697815,1.6056835651397705
235,0.35500001907348633,1.6625242233276367
236,0.35500001907348633,1.5966004133224487
237,0.3349999785423279,1.7073919773101807
238,0.38499999046325684,1.6336590051651
239,0.4049999713897705,1.5870649814605713
240,0.33000001311302185,1.6502596139907837
241,0.33500003814697266,1.7082525491714478
242,0.4049999713897705,1.649012804031372
243,0.39000001549720764,1.5680900812149048
244,0.32999998331069946,1.7609659433364868
245,0.38499996066093445,1.677638292312622
246,0.36500000953674316,1.5371882915496826
247,0.4150000214576721,1.6927311420440674
248,0.39499998092651367,1.640854835510254
249,0.3700000047683716,1.5283749103546143
250,0.4449999928474426,1.5896799564361572
251,0.3050000071525574,1.7467687129974365
252,0.375,1.5339504480361938
253,0.32499998807907104,1.6641390323638916
254,0.36000001430511475,1.685567855834961
255,0.4099999964237213,1.4482706785202026
256,0.38499999046325684,1.6891834735870361
257,0.32499998807907104,1.693122148513794
258,0.4050000309944153,1.6126552820205688
259,0.4100000262260437,1.4907481670379639
260,0.3349999785423279,1.791703224182129
261,0.4100000262260437,1.5413264036178589
262,0.4050000309944153,1.5940567255020142
263,0.3850000202655792,1.6107324361801147
264,0.39000001549720764,1.645601511001587
265,0.35499998927116394,1.5038360357284546
266,0.3850000202655792,1.6105992794036865
267,0.39499998092651367,1.5420821905136108
268,0.42500001192092896,1.4070748090744019
269,0.4449999928474426,1.5425254106521606
270,0.3799999952316284,1.662883996963501
271,0.41499996185302734,1.5504000186920166
272,0.4150000512599945,1.6013997793197632
273,0.4100000262260437,1.5483378171920776
274,0.4399999976158142,1.432193398475647
275,0.4099999964237213,1.4666192531585693
276,0.39000001549720764,1.7187553644180298
277,0.4000000059604645,1.656449556350708
278,0.4350000023841858,1.453139066696167
279,0.39500001072883606,1.5583635568618774
280,0.3850000202655792,1.6936479806900024
281,0.45499998331069946,1.4818201065063477
282,0.4050000309944153,1.5316741466522217
283,0.4399999976158142,1.49514901638031
284,0.4300000071525574,1.5930973291397095
285,0.3699999749660492,1.5945465564727783
286,0.4350000023841858,1.362675666809082
287,0.38499999046325684,1.5974361896514893
288,0.4000000059604645,1.5712579488754272
289,0.4399999976158142,1.505288004875183
290,0.41999998688697815,1.4592878818511963
291,0.39500004053115845,1.5946367979049683
292,0.45500001311302185,1.388289451599121
293,0.4000000059604645,1.4910989999771118
294,0.48000001907348633,1.4326648712158203
295,0.44999998807907104,1.480921983718872
296,0.45499998331069946,1.4126636981964111
297,0.4300000071525574,1.5350697040557861
298,0.4650000035762787,1.3917478322982788
299,0.5049999952316284,1.3106403350830078
300,0.4350000023841858,1.5269930362701416
