1,0.13500000536441803,43.52709197998047
2,0.1550000011920929,2.3716273307800293
3,0.125,4.990081787109375
1,0.14000000059604645,55.484832763671875
2,0.17999999225139618,2.370922088623047
3,0.11499999463558197,2.518056631088257
4,0.1900000125169754,2.3722801208496094
5,0.1899999976158142,57.64570999145508
6,0.16499999165534973,3.593067169189453
7,0.14000001549720764,6.625714302062988
8,0.1850000023841858,3.0190131664276123
9,0.1250000149011612,2.589550018310547
10,0.14999999105930328,5.310867786407471
11,0.2150000035762787,10.858114242553711
12,0.14000000059604645,2.379246711730957
13,0.12999999523162842,2.3634743690490723
14,0.17000001668930054,4.1540961265563965
15,0.19500000774860382,6.157400608062744
16,0.17000000178813934,2.80483341217041
17,0.2199999988079071,3.9372756481170654
18,0.14500001072883606,6.352492332458496
19,0.16500000655651093,2.6012675762176514
20,0.17000000178813934,3.7256884574890137
21,0.20000000298023224,3.452910900115967
22,0.25,6.031030178070068
23,0.19499999284744263,4.473059177398682
24,0.1850000023841858,5.5736799240112305
25,0.19500000774860382,3.259645938873291
26,0.16500000655651093,6.411174774169922
27,0.20499999821186066,2.2721848487854004
28,0.1300000101327896,2.6392340660095215
29,0.18000000715255737,3.355734348297119
30,0.2150000035762787,2.869946002960205
31,0.2150000035762787,4.741535663604736
32,0.21000000834465027,2.9215245246887207
33,0.18500001728534698,2.3556017875671387
34,0.22499999403953552,2.12984299659729
35,0.1850000023841858,4.655974388122559
36,0.19499999284744263,4.329972267150879
37,0.23000001907348633,2.630986452102661
38,0.14000001549720764,3.4709136486053467
39,0.14500001072883606,3.0666451454162598
40,0.20500001311302185,2.311004877090454
41,0.2550000250339508,3.224043369293213
42,0.22499999403953552,2.762587785720825
43,0.2199999988079071,3.6858227252960205
44,0.1900000125169754,3.398531436920166
45,0.1599999964237213,2.173490047454834
46,0.17000000178813934,2.0983893871307373
47,0.2150000035762787,2.0158679485321045
48,0.2449999749660492,2.8718159198760986
49,0.17999999225139618,2.082244873046875
50,0.24500000476837158,2.198293924331665
51,0.2150000035762787,2.337778091430664
52,0.19500000774860382,2.162517547607422
53,0.1600000113248825,2.427521228790283
54,0.16499999165534973,2.2605087757110596
55,0.17999999225139618,2.254694700241089
56,0.1599999964237213,2.4763426780700684
57,0.2849999964237213,2.0293874740600586
58,0.1900000125169754,2.293704032897949
59,0.19500002264976501,2.208190441131592
60,0.20499999821186066,2.093728542327881
61,0.19500000774860382,2.0828330516815186
62,0.24500000476837158,2.342658281326294
63,0.20499999821186066,2.1274843215942383
64,0.23499998450279236,4.664492130279541
65,0.21000000834465027,2.6778512001037598
66,0.20000000298023224,2.116048812866211
67,0.20500001311302185,2.757312297821045
68,0.20499999821186066,2.385258913040161
69,0.22499999403953552,2.308969736099243
70,0.23500001430511475,2.0810775756835938
71,0.25999999046325684,1.9017549753189087
72,0.20499999821186066,2.089776039123535
73,0.25,1.9933933019638062
74,0.22499999403953552,2.112413167953491
75,0.22499999403953552,2.535971164703369
76,0.2150000035762787,2.0509605407714844
77,0.22499999403953552,2.077698230743408
78,0.2149999886751175,1.9916236400604248
79,0.2550000250339508,2.1381945610046387
80,0.2600000202655792,2.0900089740753174
81,0.27000001072883606,2.221693515777588
82,0.22499999403953552,2.054304599761963
83,0.2800000309944153,2.069352388381958
84,0.1900000125169754,2.159311056137085
85,0.2600000202655792,2.0002377033233643
86,0.24500000476837158,1.9902961254119873
87,0.26499998569488525,2.082627058029175
88,0.23499998450279236,2.005052328109741
89,0.2900000214576721,1.9801959991455078
90,0.18500001728534698,2.0942790508270264
91,0.24000000953674316,1.9597355127334595
92,0.25999999046325684,1.963244080543518
93,0.1899999976158142,2.109300136566162
94,0.26500001549720764,1.8721281290054321
95,0.2800000309944153,1.899591088294983
96,0.2199999988079071,2.1009936332702637
97,0.20000000298023224,1.9511058330535889
98,0.32999998331069946,1.9252445697784424
99,0.30000001192092896,1.8841869831085205
100,0.2850000262260437,2.0722270011901855
101,0.3050000071525574,1.9199638366699219
102,0.22499999403953552,1.986328125
103,0.2549999952316284,1.9133045673370361
104,0.27000001072883606,1.954288125038147
105,0.30000001192092896,2.031615734100342
106,0.3050000071525574,1.9040472507476807
107,0.24000000953674316,2.0226595401763916
108,0.3050000071525574,1.9858081340789795
109,0.23499998450279236,2.052027463912964
110,0.2449999749660492,1.8877410888671875
111,0.23500001430511475,2.047656297683716
112,0.2800000309944153,2.022444248199463
113,0.27500003576278687,1.8878616094589233
114,0.26500001549720764,2.040374517440796
115,0.23000001907348633,1.8138248920440674
116,0.2549999952316284,1.8714649677276611
117,0.25,1.8021838665008545
118,0.26500001549720764,2.111063003540039
119,0.28999999165534973,1.9155422449111938
120,0.2800000309944153,1.989306092262268
121,0.2549999952316284,1.91097092628479
122,0.32999998331069946,1.7479259967803955
123,0.3050000071525574,1.7777607440948486
124,0.2849999964237213,1.8731861114501953
125,0.26500001549720764,1.9170043468475342
126,0.28999999165534973,1.8729865550994873
127,0.2150000035762787,1.8817239999771118
128,0.3199999928474426,1.9531329870224
129,0.24500000476837158,1.9774106740951538
130,0.25999999046325684,1.8648523092269897
131,0.29500001668930054,1.8307974338531494
132,0.26999998092651367,1.7362524271011353
133,0.2849999964237213,1.8732059001922607
134,0.3199999928474426,1.8242954015731812
135,0.26499998569488525,1.9253370761871338
136,0.25,1.8855012655258179
137,0.2449999749660492,1.8681695461273193
138,0.3050000071525574,1.7928234338760376
139,0.26500001549720764,1.7134592533111572
140,0.26500001549720764,1.8770710229873657
141,0.27500003576278687,1.8324716091156006
142,0.3050000071525574,1.832789659500122
143,0.2849999964237213,1.775726556777954
144,0.26999998092651367,1.817078948020935
145,0.2900000214576721,1.914825439453125
146,0.25,1.8455092906951904
147,0.2600000202655792,1.7182544469833374
148,0.35999998450279236,1.8987042903900146
149,0.26999998092651367,1.9358314275741577
150,0.3349999785423279,1.7511622905731201
151,0.2600000202655792,1.8576347827911377
152,0.23000001907348633,1.9030110836029053
153,0.26500001549720764,1.810337781906128
154,0.3149999976158142,1.9000352621078491
155,0.29500001668930054,1.9148811101913452
156,0.26500001549720764,1.703965187072754
157,0.304999977350235,1.8673207759857178
158,0.29999998211860657,1.7516164779663086
159,0.27000004053115845,1.8613771200180054
160,0.3199999928474426,1.857154130935669
161,0.3100000023841858,1.8319298028945923
162,0.29499998688697815,1.8100509643554688
163,0.30000001192092896,1.7436107397079468
164,0.2750000059604645,1.9337024688720703
165,0.27000001072883606,1.8600107431411743
166,0.3199999928474426,1.8124160766601562
167,0.22499999403953552,1.89413321018219
168,0.23499998450279236,1.7636291980743408
169,0.33500003814697266,1.7007865905761719
170,0.2850000262260437,1.8162899017333984
171,0.375,1.7460918426513672
172,0.2750000059604645,1.854373574256897
173,0.29500001668930054,1.7407009601593018
174,0.30000001192092896,1.8462318181991577
175,0.2849999964237213,1.8755502700805664
176,0.2900000214576721,1.777370810508728
177,0.30000001192092896,1.7953097820281982
178,0.3400000035762787,1.6737979650497437
179,0.3349999785423279,1.7905347347259521
180,0.35499998927116394,1.6685230731964111
181,0.36500000953674316,1.6122105121612549
182,0.3199999928474426,1.707202672958374
183,0.35999998450279236,1.7865560054779053
184,0.3449999988079071,1.6149660348892212
185,0.2849999964237213,1.857060432434082
186,0.27000001072883606,1.7114698886871338
187,0.26499998569488525,1.8144035339355469
188,0.2800000309944153,1.8470923900604248
189,0.2750000059604645,1.8141324520111084
190,0.36000001430511475,1.6687877178192139
191,0.3100000023841858,1.7923637628555298
192,0.35999998450279236,1.7898021936416626
193,0.3199999928474426,1.7390350103378296
194,0.33000001311302185,1.8249998092651367
195,0.29500001668930054,1.9087663888931274
196,0.35499995946884155,1.7139091491699219
197,0.2900000214576721,1.6998012065887451
198,0.3400000035762787,1.5812132358551025
199,0.2850000262260437,1.8392009735107422
200,0.36000001430511475,1.6343151330947876
201,0.35499998927116394,1.603039026260376
202,0.32499998807907104,1.796259880065918
203,0.320000022649765,1.761135458946228
204,0.35499998927116394,1.6638015508651733
205,0.3149999976158142,1.7273342609405518
206,0.2600000202655792,1.7118867635726929
207,0.3449999988079071,1.7278999090194702
208,0.3149999976158142,1.6449264287948608
209,0.3100000023841858,1.6802995204925537
210,0.3349999785423279,1.776542067527771
211,0.26500001549720764,1.6969327926635742
212,0.28999999165534973,1.7879568338394165
213,0.3199999928474426,1.6632416248321533
214,0.2900000214576721,1.7707335948944092
215,0.35499998927116394,1.800737738609314
216,0.3149999976158142,1.6504194736480713
217,0.29500001668930054,1.7315667867660522
218,0.32999998331069946,1.6691920757293701
219,0.33000001311302185,1.6182997226715088
220,0.3100000023841858,1.6464221477508545
221,0.320000022649765,1.6726644039154053
222,0.32499998807907104,1.6442493200302124
223,0.3349999785423279,1.6731675863265991
224,0.28999999165534973,1.725847840309143
225,0.39500001072883606,1.5609830617904663
226,0.3399999737739563,1.6786315441131592
227,0.3449999988079071,1.7247211933135986
228,0.36000001430511475,1.6944612264633179
229,0.30000001192092896,1.7492929697036743
230,0.30000001192092896,1.8218450546264648
231,0.3449999690055847,1.6592108011245728
232,0.35999998450279236,1.5015698671340942
233,0.37999996542930603,1.602205514907837
234,0.3699999749660492,1.6618887186050415
235,0.32499998807907104,1.7253698110580444
236,0.32499998807907104,1.6990461349487305
237,0.3149999976158142,1.7514934539794922
238,0.3449999988079071,1.7463457584381104
239,0.35499998927116394,1.635267972946167
240,0.3149999976158142,1.658278465270996
241,0.27000004053115845,1.7485300302505493
242,0.3799999952316284,1.7664464712142944
243,0.35999998450279236,1.6529690027236938
244,0.3199999928474426,1.7408702373504639
245,0.36000001430511475,1.6818872690200806
246,0.3500000238418579,1.6152321100234985
247,0.32499998807907104,1.7258583307266235
248,0.33000001311302185,1.6284425258636475
249,0.3449999988079071,1.714337706565857
250,0.41999998688697815,1.5631352663040161
251,0.26500001549720764,1.7074058055877686
252,0.39000001549720764,1.6120555400848389
253,0.3349999785423279,1.6522629261016846
254,0.3100000023841858,1.7345720529556274
255,0.39500004053115845,1.4694931507110596
256,0.4300000071525574,1.6328861713409424
257,0.3199999928474426,1.7910213470458984
258,0.3499999940395355,1.6742252111434937
259,0.35500001907348633,1.5545828342437744
260,0.32999998331069946,1.7864795923233032
261,0.30000001192092896,1.6593561172485352
262,0.3499999940395355,1.5975359678268433
263,0.3349999785423279,1.593530297279358
264,0.4150000214576721,1.5728572607040405
265,0.3349999785423279,1.600563406944275
266,0.32999998331069946,1.6575905084609985
267,0.39000001549720764,1.5903362035751343
268,0.3800000250339508,1.4773242473602295
269,0.42500001192092896,1.5770378112792969
270,0.3050000071525574,1.6819591522216797
271,0.39499998092651367,1.5636316537857056
272,0.4049999713897705,1.6704820394515991
273,0.42500001192092896,1.6539552211761475
274,0.3400000035762787,1.462719440460205
275,0.3149999976158142,1.6061813831329346
276,0.35999998450279236,1.6504684686660767
277,0.35999998450279236,1.5596545934677124
278,0.3700000047683716,1.4732125997543335
279,0.38499999046325684,1.701027274131775
280,0.3400000035762787,1.6962318420410156
281,0.3799999952316284,1.537958025932312
282,0.3499999940395355,1.5189937353134155
283,0.3700000047683716,1.6409664154052734
284,0.42500001192092896,1.5315344333648682
285,0.3850000202655792,1.6199699640274048
286,0.42500001192092896,1.413582444190979
287,0.29500001668930054,1.7827749252319336
288,0.37000003457069397,1.5243483781814575
289,0.375,1.5518131256103516
290,0.4050000309944153,1.5322595834732056
291,0.33500000834465027,1.6671758890151978
292,0.4099999964237213,1.502054214477539
293,0.3500000238418579,1.6808732748031616
294,0.44999998807907104,1.4989769458770752
295,0.4000000059604645,1.5657150745391846
296,0.44999998807907104,1.5106284618377686
297,0.38999998569488525,1.6040277481079102
298,0.42500001192092896,1.4610224962234497
299,0.4350000023841858,1.405367136001587
300,0.39500001072883606,1.46377694606781
1,0.14500001072883606,10.019169807434082
2,0.18000000715255737,2.485405683517456
3,0.10999999940395355,3.6238796710968018
4,0.1900000125169754,2.5361175537109375
5,0.16499999165534973,18.030075073242188
6,0.15000000596046448,19.564952850341797
7,0.11500000953674316,9.278154373168945
8,0.20999999344348907,3.612260103225708
9,0.16499999165534973,4.3628997802734375
10,0.18000000715255737,2.9104225635528564
11,0.17999999225139618,2.962404251098633
12,0.16499999165534973,4.839461326599121
13,0.1900000125169754,2.5337774753570557
14,0.17499999701976776,6.586426734924316
15,0.19500000774860382,9.446815490722656
16,0.1900000125169754,6.3169755935668945
17,0.20500001311302185,6.7255449295043945
18,0.20000000298023224,5.153862953186035
19,0.2150000035762787,4.022005558013916
20,0.19500000774860382,3.425402879714966
21,0.16500000655651093,5.462155818939209
22,0.20499999821186066,2.6681997776031494
23,0.22499999403953552,6.148449897766113
24,0.2449999749660492,2.6854817867279053
25,0.20499999821186066,3.187682628631592
26,0.1900000125169754,3.0561280250549316
27,0.18500001728534698,2.332883834838867
28,0.1849999874830246,4.3607683181762695
29,0.23499998450279236,3.3882477283477783
30,0.20500001311302185,3.3541903495788574
31,0.24000000953674316,5.5137715339660645
32,0.23500001430511475,2.2950966358184814
33,0.20500001311302185,2.818662643432617
34,0.25,2.3065171241760254
35,0.1900000125169754,5.008597373962402
36,0.2199999988079071,2.8360557556152344
37,0.20999999344348907,2.547494649887085
38,0.20500001311302185,2.901785373687744
39,0.15000000596046448,3.057603120803833
40,0.17000000178813934,2.2543766498565674
41,0.2199999988079071,2.734276294708252
42,0.22499999403953552,3.4617228507995605
43,0.17000000178813934,5.170803070068359
44,0.19499999284744263,2.8072702884674072
45,0.18500001728534698,2.199432373046875
46,0.24000000953674316,2.2095305919647217
47,0.22999998927116394,2.1365957260131836
48,0.2199999839067459,3.040294647216797
49,0.25999999046325684,2.2360599040985107
50,0.2150000035762787,2.3341164588928223
51,0.22499999403953552,2.5566763877868652
52,0.20500001311302185,5.897258758544922
53,0.1900000125169754,2.4373199939727783
54,0.24000000953674316,2.521087646484375
55,0.20000000298023224,2.2340149879455566
56,0.20000000298023224,2.6317191123962402
57,0.24000000953674316,2.1809024810791016
58,0.2199999988079071,2.41900897026062
59,0.26999998092651367,2.2567241191864014
60,0.29499998688697815,2.2967517375946045
61,0.23499998450279236,2.2780652046203613
62,0.2199999988079071,2.443021774291992
63,0.1900000125169754,2.2447047233581543
64,0.24500000476837158,2.1463444232940674
65,0.24500003457069397,3.1720774173736572
66,0.23500001430511475,2.6356215476989746
67,0.27000001072883606,2.552069902420044
68,0.25,4.071209907531738
69,0.2449999749660492,2.400827407836914
70,0.24000000953674316,2.2692384719848633
71,0.30000001192092896,1.9771957397460938
72,0.22999998927116394,2.2367825508117676
73,0.29499998688697815,2.2964439392089844
74,0.1900000125169754,2.3008694648742676
75,0.23499998450279236,2.2806549072265625
76,0.2750000059604645,2.1698806285858154
77,0.2150000035762787,2.1943225860595703
78,0.2199999988079071,2.24916410446167
79,0.2750000059604645,2.417130708694458
80,0.23500001430511475,2.633960723876953
81,0.25,2.214768886566162
82,0.23500001430511475,2.1721513271331787
83,0.20000000298023224,2.237165927886963
84,0.29499998688697815,2.0002002716064453
85,0.2850000262260437,2.088045597076416
86,0.26499998569488525,2.0891802310943604
87,0.25999999046325684,2.0485992431640625
88,0.23499998450279236,2.151428699493408
89,0.2849999964237213,2.427873373031616
90,0.22499999403953552,2.1747612953186035
91,0.2600000202655792,2.0082345008850098
92,0.30000001192092896,2.0472497940063477
93,0.25,2.2190945148468018
94,0.2849999964237213,1.854692816734314
95,0.25999999046325684,1.977766752243042
96,0.22499999403953552,2.095221996307373
97,0.3449999690055847,2.179287910461426
98,0.2750000059604645,2.082584857940674
99,0.33500000834465027,1.8765361309051514
100,0.2750000059604645,2.193856716156006
101,0.2900000214576721,1.9412479400634766
102,0.23999997973442078,2.048917770385742
103,0.3050000071525574,1.9646580219268799
104,0.3149999976158142,2.064511775970459
105,0.25,1.9568092823028564
106,0.3100000023841858,1.8799737691879272
107,0.23499998450279236,2.242766857147217
108,0.33000001311302185,1.8560066223144531
109,0.25999999046325684,2.2647624015808105
110,0.3050000071525574,1.9047155380249023
111,0.25,2.097618579864502
112,0.3050000071525574,2.170437812805176
113,0.3050000071525574,1.8817306756973267
114,0.25,2.032743453979492
115,0.3100000023841858,1.8558756113052368
116,0.2750000059604645,2.006359577178955
117,0.2850000262260437,1.7905638217926025
118,0.22999998927116394,2.0970005989074707
119,0.2849999964237213,1.9621152877807617
120,0.24000000953674316,1.9764333963394165
121,0.30000001192092896,1.9985824823379517
122,0.3399999737739563,1.7896963357925415
123,0.3050000071525574,1.9396864175796509
124,0.3050000071525574,1.9747527837753296
125,0.3050000071525574,1.9865264892578125
126,0.2750000059604645,1.9628360271453857
127,0.25999999046325684,1.9765888452529907
128,0.3100000023841858,2.0172295570373535
129,0.27000001072883606,2.1227850914001465
130,0.2600000202655792,1.9476892948150635
131,0.2800000309944153,1.8880198001861572
132,0.3449999690055847,1.7222850322723389
133,0.35499995946884155,1.965415358543396
134,0.3499999940395355,1.822077989578247
135,0.26500001549720764,2.004301071166992
136,0.3649999797344208,1.8004035949707031
137,0.29500001668930054,2.028421401977539
138,0.3100000023841858,1.871978521347046
139,0.25,1.813119649887085
140,0.3100000023841858,1.8998944759368896
141,0.3100000023841858,1.882831335067749
142,0.27000001072883606,1.9176852703094482
143,0.26500001549720764,1.8822978734970093
144,0.3100000023841858,1.8147850036621094
145,0.33500000834465027,1.9095242023468018
146,0.29500001668930054,1.8777596950531006
147,0.3050000071525574,1.8210121393203735
148,0.375,2.113175392150879
149,0.2549999952316284,1.9654388427734375
150,0.30000001192092896,1.8490188121795654
151,0.26500001549720764,1.854323148727417
152,0.25999999046325684,2.051025867462158
153,0.3100000023841858,1.7587779760360718
154,0.33000001311302185,2.0163779258728027
155,0.2800000011920929,1.9342563152313232
156,0.27000001072883606,1.7446441650390625
157,0.2800000309944153,1.8828023672103882
158,0.32499998807907104,1.7039995193481445
159,0.3050000071525574,1.8248138427734375
160,0.3199999928474426,1.9187290668487549
161,0.29500001668930054,1.8535444736480713
162,0.3449999988079071,1.8590959310531616
163,0.3199999928474426,1.7941734790802002
164,0.2900000214576721,1.9450790882110596
165,0.2750000059604645,1.93617844581604
166,0.33000001311302185,1.771651268005371
167,0.2750000059604645,2.0093367099761963
168,0.2849999964237213,1.7764673233032227
169,0.3199999928474426,1.7733991146087646
170,0.3500000238418579,1.8389095067977905
171,0.3449999690055847,1.8899825811386108
172,0.3400000035762787,1.9890196323394775
173,0.3149999976158142,1.8241243362426758
174,0.30000001192092896,1.8595945835113525
175,0.30000001192092896,1.9388278722763062
176,0.304999977350235,1.8007709980010986
177,0.3100000023841858,1.8805853128433228
178,0.3199999928474426,1.74624764919281
179,0.3499999940395355,1.7931028604507446
180,0.3100000023841858,1.7551984786987305
181,0.37000003457069397,1.6421215534210205
182,0.30000001192092896,1.8169543743133545
183,0.36500000953674316,1.717617392539978
184,0.37999996542930603,1.6994562149047852
185,0.3100000023841858,1.8158397674560547
186,0.3449999988079071,1.72061026096344
187,0.35499998927116394,1.8693573474884033
188,0.2849999964237213,1.84048593044281
189,0.3400000035762787,1.840886116027832
190,0.41499996185302734,1.6351827383041382
191,0.32999998331069946,1.7996470928192139
192,0.3800000250339508,1.7734531164169312
193,0.3100000023841858,1.9644191265106201
194,0.2900000214576721,1.7511695623397827
195,0.3050000071525574,1.9705524444580078
196,0.35999998450279236,1.6797101497650146
197,0.2849999964237213,1.8167787790298462
198,0.3850000202655792,1.63234543800354
199,0.29499998688697815,2.0369327068328857
200,0.4000000059604645,1.6934547424316406
201,0.3349999785423279,1.659509301185608
202,0.375,1.7636562585830688
203,0.3149999976158142,1.882181167602539
204,0.3850000202655792,1.7058521509170532
205,0.304999977350235,1.7180036306381226
206,0.32499998807907104,1.773168921470642
207,0.3699999749660492,1.7425086498260498
208,0.33000001311302185,1.709493637084961
209,0.38999998569488525,1.7243378162384033
210,0.3100000023841858,1.761682152748108
211,0.3700000047683716,1.7565685510635376
212,0.33000001311302185,1.8244831562042236
213,0.3399999737739563,1.7972795963287354
214,0.36500000953674316,1.752306342124939
215,0.35499998927116394,1.8585681915283203
216,0.3100000023841858,1.6865251064300537
217,0.26500001549720764,1.9348833560943604
218,0.3399999737739563,1.6149297952651978
219,0.3800000250339508,1.724043846130371
220,0.3450000286102295,1.6306076049804688
221,0.375,1.6883388757705688
222,0.3649999797344208,1.6703119277954102
223,0.4150000214576721,1.6349513530731201
224,0.3199999928474426,1.8419538736343384
225,0.375,1.6322104930877686
226,0.375,1.680188775062561
227,0.36500000953674316,1.8073623180389404
228,0.3399999737739563,1.7840955257415771
229,0.3850000202655792,1.741257905960083
230,0.3149999976158142,1.8950666189193726
231,0.36500000953674316,1.7316257953643799
232,0.42500001192092896,1.5507322549819946
233,0.39500001072883606,1.6041271686553955
234,0.4150000214576721,1.6902551651000977
235,0.3499999940395355,1.7634050846099854
236,0.35999998450279236,1.7221708297729492
237,0.3699999749660492,1.7514139413833618
238,0.3850000202655792,1.806627631187439
239,0.38499999046325684,1.6945282220840454
240,0.32499998807907104,1.7455196380615234
241,0.3100000023841858,1.8314756155014038
242,0.4099999964237213,1.7786471843719482
243,0.4049999713897705,1.6637945175170898
244,0.3449999988079071,1.8110907077789307
245,0.3499999940395355,1.8427047729492188
246,0.41999998688697815,1.5748982429504395
247,0.35500001907348633,1.9295527935028076
248,0.35499998927116394,1.7105376720428467
249,0.3649999797344208,1.6403716802597046
250,0.42500001192092896,1.620361089706421
251,0.3050000071525574,1.7831504344940186
252,0.4350000023841858,1.630689263343811
253,0.33500000834465027,1.7514327764511108
254,0.3449999988079071,1.8096452951431274
255,0.4449999928474426,1.4686765670776367
256,0.42500001192092896,1.621253252029419
257,0.33000001311302185,1.9006264209747314
258,0.41999998688697815,1.7087745666503906
259,0.4099999964237213,1.5947089195251465
260,0.36500000953674316,1.7681825160980225
261,0.3749999701976776,1.6345188617706299
262,0.3800000250339508,1.6525840759277344
263,0.375,1.751969337463379
264,0.4000000059604645,1.6383612155914307
265,0.36000001430511475,1.6869863271713257
266,0.42500001192092896,1.6124532222747803
267,0.3500000238418579,1.677412748336792
268,0.4650000035762787,1.4374808073043823
269,0.45500001311302185,1.7031075954437256
270,0.36500000953674316,1.7001667022705078
271,0.429999977350235,1.5918123722076416
272,0.42500001192092896,1.6965038776397705
273,0.4050000309944153,1.6417911052703857
274,0.39499998092651367,1.540602684020996
275,0.42500001192092896,1.5522557497024536
276,0.4099999964237213,1.6946218013763428
277,0.38499999046325684,1.6511071920394897
278,0.4599999487400055,1.4913883209228516
279,0.3799999952316284,1.7002713680267334
280,0.3400000035762787,1.794651746749878
281,0.429999977350235,1.5725345611572266
282,0.35999995470046997,1.5966484546661377
283,0.4000000059604645,1.6230480670928955
284,0.48499998450279236,1.532375693321228
285,0.38499999046325684,1.6565475463867188
286,0.42000001668930054,1.486781358718872
287,0.3499999940395355,1.8003021478652954
288,0.4300000071525574,1.5369106531143188
289,0.4099999964237213,1.6824092864990234
290,0.4099999964237213,1.5950448513031006
291,0.4000000059604645,1.7404835224151611
292,0.4000000059604645,1.5166953802108765
293,0.3649999797344208,1.6733405590057373
294,0.4700000286102295,1.5323445796966553
295,0.4350000023841858,1.6453955173492432
296,0.4749999940395355,1.5437753200531006
297,0.41999998688697815,1.6348779201507568
298,0.42000001668930054,1.5447914600372314
299,0.4949999749660492,1.4626095294952393
300,0.4749999940395355,1.5774739980697632
1,0.1470000147819519,332.4502258300781
2,0.16999998688697815,19.174072265625
3,0.15600000321865082,3.9542129039764404
4,0.18300001323223114,4.7188615798950195
5,0.1680000126361847,5.842637062072754
6,0.16500000655651093,6.060117244720459
7,0.17399999499320984,4.115116119384766
8,0.16599999368190765,4.21028995513916
9,0.18400000035762787,6.442976474761963
10,0.2029999941587448,5.648217678070068
11,0.1900000125169754,4.683686256408691
12,0.18300001323223114,4.580191135406494
13,0.1679999977350235,3.972080945968628
14,0.17399999499320984,4.294548034667969
15,0.17800000309944153,4.017961025238037
16,0.19699999690055847,4.332303047180176
17,0.17399999499320984,5.686333656311035
18,0.17500001192092896,4.710320472717285
19,0.17399999499320984,4.262740612030029
20,0.210999995470047,4.114754676818848
21,0.22200000286102295,4.235074520111084
22,0.21199998259544373,3.789583921432495
23,0.210999995470047,3.739290952682495
24,0.1979999989271164,3.999809980392456
25,0.22700002789497375,4.145651340484619
26,0.2069999873638153,4.1464128494262695
27,0.25700002908706665,3.1036105155944824
28,0.24700000882148743,3.5881474018096924
29,0.23599998652935028,4.210560321807861
30,0.27000001072883606,3.020994186401367
31,0.24400000274181366,3.9833984375
32,0.2759999632835388,3.1206982135772705
33,0.2709999680519104,3.8439369201660156
34,0.2720000147819519,3.009373188018799
35,0.22599999606609344,4.536196708679199
36,0.25200000405311584,3.225231885910034
37,0.296999990940094,3.2598929405212402
38,0.24300000071525574,4.003849029541016
39,0.29600000381469727,3.911656141281128
40,0.27399998903274536,3.153750419616699
41,0.2889999747276306,3.2283759117126465
42,0.2669999897480011,3.4912288188934326
43,0.29600000381469727,3.3741278648376465
44,0.2590000033378601,4.410763740539551
45,0.31199997663497925,2.692248821258545
46,0.3149999976158142,2.4887022972106934
47,0.32999998331069946,2.6926448345184326
48,0.3140000104904175,3.0231821537017822
49,0.3259999752044678,2.5978267192840576
50,0.33100003004074097,2.5828795433044434
51,0.3369999825954437,2.84562349319458
52,0.29499998688697815,3.73478627204895
53,0.3489999771118164,2.4408435821533203
54,0.3449999690055847,2.862936496734619
55,0.3659999966621399,2.362186908721924
56,0.3149999976158142,3.2430317401885986
57,0.37700000405311584,2.580141067504883
58,0.37400001287460327,2.7592523097991943
59,0.4389999806880951,2.3304049968719482
60,0.3619999885559082,2.6460700035095215
61,0.37800002098083496,2.8287367820739746
62,0.3699999749660492,2.799715280532837
63,0.3840000033378601,2.571073055267334
64,0.3709999918937683,2.6666359901428223
65,0.37199997901916504,2.63685941696167
66,0.38499999046325684,2.569282054901123
67,0.38100001215934753,3.0093493461608887
68,0.36500000953674316,3.209460496902466
69,0.40100008249282837,2.8748433589935303
70,0.4230000078678131,2.3385186195373535
71,0.4259999692440033,2.4507627487182617
72,0.4399999976158142,2.4490692615509033
73,0.4350000023841858,2.5961146354675293
74,0.43900004029273987,2.965362310409546
75,0.45399999618530273,3.059234857559204
76,0.5009999871253967,2.2979211807250977
77,0.44999998807907104,2.4843544960021973
78,0.4780000150203705,2.466827154159546
79,0.4780000150203705,2.5400078296661377
80,0.4480000436306,2.868323802947998
81,0.5250000357627869,2.4322447776794434
82,0.5,2.3688607215881348
83,0.4829999804496765,3.0245323181152344
84,0.5149999856948853,2.348426103591919
85,0.5309999585151672,2.366328239440918
86,0.4780000150203705,2.4468250274658203
87,0.593999981880188,1.8861967325210571
88,0.5239999890327454,2.437330722808838
89,0.492000013589859,2.669660806655884
90,0.5670000314712524,2.2259724140167236
91,0.5960000157356262,2.143636703491211
92,0.5549999475479126,2.3418548107147217
93,0.5740000009536743,2.2111620903015137
94,0.5830000042915344,2.032959461212158
95,0.4970000386238098,2.587566614151001
96,0.5850000381469727,2.07521390914917
97,0.5740000009536743,2.3333580493927
98,0.5839999914169312,2.1045563220977783
99,0.6169999837875366,1.931147575378418
100,0.527999997138977,2.5366783142089844
101,0.6150000691413879,1.7985479831695557
102,0.5830000042915344,2.2428622245788574
103,0.656000018119812,1.8403465747833252
104,0.5530000329017639,2.503737211227417
105,0.597000002861023,2.2478179931640625
106,0.6029999852180481,2.1123764514923096
107,0.6469999551773071,1.8906335830688477
108,0.5870000123977661,2.3517825603485107
109,0.5890000462532043,2.5708746910095215
110,0.6510000228881836,2.0180087089538574
111,0.6410000324249268,2.013828754425049
112,0.6019999980926514,2.3732738494873047
113,0.5819999575614929,2.184201240539551
114,0.6460000276565552,1.970049262046814
115,0.6679999828338623,1.9999103546142578
116,0.6489999890327454,2.3005053997039795
117,0.6649999618530273,1.9264085292816162
118,0.6439999938011169,2.234957456588745
119,0.6500000953674316,2.0270206928253174
120,0.6510000228881836,1.9065418243408203
121,0.6420000195503235,1.9535362720489502
122,0.7350000143051147,1.614436388015747
123,0.7080000042915344,1.7514021396636963
124,0.6899999380111694,1.8099819421768188
125,0.7059999704360962,1.8637802600860596
126,0.6800000071525574,1.9563558101654053
127,0.6960000395774841,1.9192266464233398
128,0.6640000343322754,2.1037986278533936
129,0.6499999761581421,2.1270554065704346
130,0.6629999876022339,2.1710338592529297
131,0.7350000143051147,1.5778032541275024
132,0.7280000448226929,1.7178875207901
133,0.699999988079071,1.7728540897369385
134,0.7190000414848328,1.723162293434143
135,0.6790000200271606,2.0838208198547363
136,0.7679999470710754,1.4831422567367554
137,0.7129999995231628,1.8191941976547241
138,0.753000020980835,1.5733941793441772
139,0.7450000643730164,1.8044742345809937
140,0.7770000100135803,1.528183937072754
141,0.7160000205039978,1.8894857168197632
142,0.7649999856948853,1.5971571207046509
143,0.7140000462532043,1.856127142906189
144,0.7999999523162842,1.4303295612335205
145,0.7429999113082886,1.8618158102035522
146,0.7580000162124634,1.8317703008651733
147,0.777999997138977,1.4972113370895386
148,0.7110000252723694,2.424330949783325
149,0.7730000019073486,1.6583153009414673
150,0.7409999966621399,1.8181664943695068
151,0.7760000228881836,1.4344741106033325
152,0.7910000085830688,1.5566256046295166
153,0.7630000114440918,1.5566943883895874
154,0.746999979019165,1.649152159690857
155,0.777999997138977,1.561416745185852
156,0.7960000038146973,1.503991961479187
157,0.7649999856948853,1.6815383434295654
158,0.8090000152587891,1.389544129371643
159,0.7900000214576721,1.6279054880142212
160,0.750999927520752,1.8248836994171143
161,0.7960000038146973,1.5579653978347778
162,0.7910000085830688,1.6583995819091797
163,0.800000011920929,1.6199105978012085
164,0.7830000519752502,1.5829250812530518
165,0.824999988079071,1.4846045970916748
166,0.8119999766349792,1.2744927406311035
167,0.7600000500679016,1.6604598760604858
168,0.8199999928474426,1.408864974975586
169,0.8140000104904175,1.5077797174453735
170,0.8059999346733093,1.5443733930587769
171,0.8030000925064087,1.5937281847000122
172,0.8100000619888306,1.4907029867172241
173,0.7989999651908875,1.630077600479126
174,0.8260000348091125,1.3852859735488892
175,0.8139999508857727,1.444704294204712
176,0.8009999990463257,1.3811428546905518
177,0.815000057220459,1.4844398498535156
178,0.8229999542236328,1.4706096649169922
179,0.8289999961853027,1.361986517906189
180,0.8069999814033508,1.5175487995147705
181,0.8199999928474426,1.3782583475112915
182,0.8060000538825989,1.6329549551010132
183,0.8559999465942383,1.2319207191467285
184,0.8370000123977661,1.377495527267456
185,0.8519999384880066,1.3229905366897583
186,0.8449999690055847,1.3625068664550781
187,0.8199998736381531,1.435547113418579
188,0.8110000491142273,1.529176950454712
189,0.8479999303817749,1.3798747062683105
190,0.8570000529289246,1.3777767419815063
191,0.8700000047683716,1.3242841958999634
192,0.8370000123977661,1.3796793222427368
193,0.8399999737739563,1.371206283569336
194,0.8659999966621399,1.2123222351074219
195,0.8029999732971191,1.5323288440704346
196,0.8579999804496765,1.2034717798233032
197,0.8390000462532043,1.4237563610076904
198,0.7919999957084656,1.860914945602417
199,0.8500000238418579,1.3404831886291504
200,0.8739999532699585,1.2063156366348267
201,0.8279999494552612,1.3209364414215088
202,0.8500000238418579,1.3212722539901733
203,0.824999988079071,1.3290321826934814
204,0.8920000195503235,1.1638656854629517
205,0.8679999113082886,1.2889599800109863
206,0.8709999918937683,1.1975010633468628
207,0.7699999809265137,1.8030760288238525
208,0.9050000309944153,0.9305862188339233
209,0.8719999194145203,1.2150884866714478
210,0.8330000042915344,1.4253480434417725
211,0.8500000238418579,1.2747939825057983
212,0.8970000147819519,1.1115095615386963
213,0.9139999151229858,1.153010368347168
214,0.8529999852180481,1.4709978103637695
215,0.8659999966621399,1.2884814739227295
216,0.8040000200271606,1.4575674533843994
217,0.8739999532699585,1.0381114482879639
218,0.8579999804496765,1.1680506467819214
219,0.8890000581741333,1.12993323802948
220,0.8689999580383301,1.380239486694336
221,0.8819999694824219,1.062169075012207
222,0.9079999923706055,1.1442770957946777
223,0.9160000085830688,0.9844975471496582
224,0.8629999160766602,1.2648935317993164
225,0.8820000886917114,1.1702439785003662
226,0.8570000529289246,1.3295032978057861
227,0.8760000467300415,1.1987158060073853
228,0.859000027179718,1.3709267377853394
229,0.9169999957084656,0.9662610292434692
230,0.8700000047683716,1.3036024570465088
231,0.9039999842643738,1.0024198293685913
232,0.934999942779541,0.8133828043937683
233,0.8859999775886536,1.388418436050415
234,0.840999960899353,1.4042459726333618
235,0.8500000238418579,1.4296492338180542
236,0.8989999890327454,1.0896568298339844
237,0.8919999003410339,1.1518923044204712
238,0.8769999742507935,1.1361804008483887
239,0.8779999613761902,1.2094625234603882
240,0.8529999852180481,1.3188565969467163
241,0.9169999957084656,0.9406648874282837
242,0.8859999775886536,1.1572439670562744
243,0.8799999952316284,1.1074597835540771
244,0.9270000457763672,0.9325618743896484
245,0.8390000462532043,1.377806544303894
246,0.9020000696182251,1.0567586421966553
247,0.8720000386238098,1.2746374607086182
248,0.906999945640564,1.0188558101654053
249,0.906000018119812,1.0105020999908447
250,0.8689999580383301,1.251399040222168
251,0.8960000276565552,1.1402174234390259
252,0.9099999666213989,1.0554070472717285
253,0.9079998731613159,1.077496886253357
254,0.9149999618530273,1.005985140800476
255,0.9220000505447388,1.2287520170211792
256,0.9299999475479126,0.9646085500717163
257,0.8639999628067017,1.3097642660140991
258,0.8779999613761902,1.2094132900238037
259,0.9150000810623169,0.8447622060775757
260,0.8989999890327454,1.1328939199447632
261,0.9099999666213989,1.0328238010406494
262,0.8770000338554382,1.20950448513031
263,0.9149999618530273,1.066592812538147
264,0.9120000004768372,1.1633951663970947
265,0.9039999842643738,1.0976147651672363
266,0.9399999380111694,0.7936910390853882
267,0.9010000228881836,1.140918254852295
268,0.9059999585151672,1.0598646402359009
269,0.9219999313354492,1.019599437713623
270,0.9290000200271606,0.9600925445556641
271,0.9329999685287476,0.908018946647644
272,0.8959999084472656,1.2140264511108398
273,0.9539998769760132,0.7644672393798828
274,0.9210000038146973,0.9691015481948853
275,0.9459999203681946,0.7430124878883362
276,0.9329999685287476,0.8500795364379883
277,0.902999997138977,1.219090223312378
278,0.9629999995231628,0.6230524778366089
279,0.9350000619888306,0.9126728773117065
280,0.918999969959259,1.1369993686676025
281,0.8939999341964722,1.1729059219360352
282,0.9059999585151672,1.1723170280456543
283,0.9569999575614929,0.7417890429496765
284,0.950999915599823,0.735852837562561
285,0.890999972820282,1.3538398742675781
286,0.9099999666213989,0.8515497446060181
287,0.9309999346733093,0.8896666765213013
288,0.9319999814033508,0.9100385904312134
289,0.8989999890327454,1.3421447277069092
290,0.8999999165534973,1.1111063957214355
291,0.9399999380111694,0.8193463087081909
292,0.9439999461174011,1.0761322975158691
293,0.9229999780654907,0.9497599601745605
294,0.9319999814033508,0.9020261764526367
295,0.9359999895095825,0.8373948931694031
296,0.9319999814033508,0.893765926361084
297,0.9499999284744263,0.8058153390884399
298,0.9219999313354492,1.0093013048171997
299,0.9300000071525574,0.9625828862190247
300,0.9290000200271606,0.9999345541000366
1,0.1420000046491623,4.3538031578063965
2,0.17100001871585846,10.885824203491211
3,0.1639999896287918,3.225010395050049
4,0.16999998688697815,2.798976421356201
5,0.17099998891353607,3.0084872245788574
6,0.15700000524520874,3.0383236408233643
7,0.17000000178813934,2.7629213333129883
8,0.18199999630451202,2.5180249214172363
9,0.1770000159740448,2.624387741088867
10,0.19499999284744263,4.273561000823975
11,0.16899999976158142,2.8465938568115234
12,0.1629999876022339,2.595221996307373
13,0.1589999943971634,2.7624993324279785
14,0.18799999356269836,2.7101597785949707
15,0.18399998545646667,2.8603851795196533
16,0.1810000240802765,2.8567519187927246
17,0.1939999908208847,3.101701259613037
18,0.17599999904632568,2.686030864715576
19,0.1980000138282776,2.7001848220825195
20,0.2019999921321869,2.6372551918029785
21,0.22200000286102295,2.477590799331665
22,0.23199999332427979,2.557478427886963
23,0.21400001645088196,2.936100482940674
24,0.23200002312660217,2.5990893840789795
25,0.2070000171661377,2.5683460235595703
26,0.20900002121925354,2.5458712577819824
27,0.23500001430511475,2.2358498573303223
28,0.2199999988079071,2.48058819770813
29,0.21300001442432404,2.58257794380188
30,0.26999998092651367,2.0406126976013184
31,0.25599998235702515,2.244659423828125
32,0.24900002777576447,2.1228060722351074
33,0.2670000195503235,2.2178947925567627
34,0.26500001549720764,1.985266923904419
35,0.2410000115633011,2.4231395721435547
36,0.26600000262260437,2.3237721920013428
37,0.2750000059604645,2.0785789489746094
38,0.2590000033378601,2.315288543701172
39,0.28999999165534973,2.1623311042785645
40,0.29500001668930054,1.9933687448501587
41,0.2849999964237213,1.988818883895874
42,0.31700000166893005,2.059399366378784
43,0.3030000329017639,2.039700508117676
44,0.29399996995925903,2.1300644874572754
45,0.3409999907016754,1.86911141872406
46,0.33900001645088196,1.781593918800354
47,0.3610000014305115,1.8135244846343994
48,0.32200002670288086,1.8822295665740967
49,0.3460000157356262,1.711372971534729
50,0.3320000171661377,1.8080116510391235
51,0.3610000014305115,1.7877576351165771
52,0.31700000166893005,1.9473568201065063
53,0.3710000216960907,1.7558536529541016
54,0.36399999260902405,1.751325249671936
55,0.35899999737739563,1.711191177368164
56,0.3139999806880951,1.9308059215545654
57,0.38999998569488525,1.718623161315918
58,0.3709999918937683,1.7254555225372314
59,0.42500001192092896,1.555227279663086
60,0.3969999849796295,1.7059917449951172
61,0.3630000054836273,1.7364486455917358
62,0.3889999985694885,1.6616815328598022
63,0.35600000619888306,1.7063233852386475
64,0.40799999237060547,1.6417135000228882
65,0.4099999964237213,1.644783616065979
66,0.382999986410141,1.672911286354065
67,0.39800000190734863,1.7379858493804932
68,0.35999998450279236,1.8633540868759155
69,0.4039999842643738,1.6876405477523804
70,0.44199997186660767,1.5356887578964233
71,0.4429999887943268,1.5476465225219727
72,0.4480000138282776,1.5716012716293335
73,0.4189999997615814,1.6071393489837646
74,0.44999998807907104,1.5828062295913696
75,0.42100000381469727,1.7400171756744385
76,0.5100000500679016,1.4226467609405518
77,0.4649999737739563,1.5906317234039307
78,0.49699997901916504,1.5016605854034424
79,0.46799999475479126,1.5797755718231201
80,0.47699999809265137,1.5661962032318115
81,0.5040000081062317,1.4959406852722168
82,0.5099999308586121,1.4257179498672485
83,0.4949999749660492,1.6006977558135986
84,0.5440000295639038,1.3741744756698608
85,0.5360000133514404,1.4219276905059814
86,0.5359999537467957,1.3627651929855347
87,0.5569999814033508,1.3149499893188477
88,0.5670000314712524,1.367832899093628
89,0.4970000386238098,1.516986608505249
90,0.6030000448226929,1.2852201461791992
91,0.6100000143051147,1.1639295816421509
92,0.5479999780654907,1.4146077632904053
93,0.5520000457763672,1.340437412261963
94,0.6180000305175781,1.1719696521759033
95,0.5429999232292175,1.396028995513916
96,0.5789999961853027,1.2875198125839233
97,0.5819999575614929,1.3073959350585938
98,0.5830000042915344,1.2465330362319946
99,0.6100000143051147,1.1246137619018555
100,0.5379999876022339,1.4478636980056763
101,0.6359999775886536,1.0574705600738525
102,0.6050000786781311,1.253388524055481
103,0.6620000004768372,1.072024941444397
104,0.5600000023841858,1.3807036876678467
105,0.593999981880188,1.2411870956420898
106,0.5899999737739563,1.2685766220092773
107,0.6349999904632568,1.1270568370819092
108,0.6039999723434448,1.1929610967636108
109,0.625999927520752,1.295495867729187
110,0.6130000352859497,1.2294371128082275
111,0.6720000505447388,1.0501636266708374
112,0.6039999723434448,1.262394666671753
113,0.6200000047683716,1.2409603595733643
114,0.6680000424385071,1.093171238899231
115,0.6970000267028809,1.0183440446853638
116,0.6510000228881836,1.1634256839752197
117,0.6310000419616699,1.151301383972168
118,0.6500000357627869,1.1398851871490479
119,0.6499999761581421,1.0677746534347534
120,0.6620000004768372,1.0857572555541992
121,0.6600000262260437,1.094565987586975
122,0.7129999995231628,0.9721775054931641
123,0.7259999513626099,0.914508044719696
124,0.7069999575614929,0.9602330327033997
125,0.6809999346733093,1.0293395519256592
126,0.7020000219345093,0.9946319460868835
127,0.6959999799728394,1.0303564071655273
128,0.6450000405311584,1.120765209197998
129,0.6330000162124634,1.1592546701431274
130,0.6650000810623169,1.0933034420013428
131,0.7530000805854797,0.7813236117362976
132,0.7619999647140503,0.817369818687439
133,0.7050000429153442,1.0070542097091675
134,0.7459999918937683,0.8777783513069153
135,0.6899999380111694,1.087001085281372
136,0.7689999938011169,0.7672382593154907
137,0.7410000562667847,0.8512934446334839
138,0.7609999775886536,0.8394821286201477
139,0.7329999804496765,0.9305988550186157
140,0.7649999856948853,0.8195339441299438
141,0.722000002861023,0.9034239053726196
142,0.7649999856948853,0.805510401725769
143,0.7380000352859497,0.8776242136955261
144,0.793999969959259,0.7309697270393372
145,0.7489999532699585,0.8720079660415649
146,0.7519999742507935,0.9051779508590698
147,0.8029999732971191,0.6564855575561523
148,0.6980000138282776,1.0623538494110107
149,0.7630000114440918,0.7806487679481506
150,0.7200000882148743,0.9157096743583679
151,0.7540000081062317,0.7959877252578735
152,0.8089998960494995,0.7041764259338379
153,0.7529999613761902,0.8160273432731628
154,0.7569999694824219,0.8303343057632446
155,0.7710000276565552,0.7780952453613281
156,0.7739999890327454,0.7521184086799622
157,0.7870000600814819,0.827846348285675
158,0.8170000314712524,0.6435416340827942
159,0.8139999508857727,0.7188023328781128
160,0.765999972820282,0.8321232795715332
161,0.8349999189376831,0.5994539260864258
162,0.8149999380111694,0.6980535984039307
163,0.8019999265670776,0.7247859835624695
164,0.800000011920929,0.6955568790435791
165,0.8260000348091125,0.6727696657180786
166,0.8359998464584351,0.6013756990432739
167,0.8009999990463257,0.7590645551681519
168,0.8229999542236328,0.640967071056366
169,0.8420000076293945,0.5627995729446411
170,0.7979999780654907,0.739334762096405
171,0.7960000038146973,0.7096210718154907
172,0.847000002861023,0.6316436529159546
173,0.8039999008178711,0.6657553911209106
174,0.8330000042915344,0.6145972013473511
175,0.8090000152587891,0.7610413432121277
176,0.8140000104904175,0.6315711736679077
177,0.809999942779541,0.6638258695602417
178,0.8130000233650208,0.6407879590988159
179,0.8420000076293945,0.6093779802322388
180,0.8019999265670776,0.686887264251709
181,0.8519999384880066,0.5303078889846802
182,0.8110000491142273,0.7177035212516785
183,0.8539999723434448,0.5693311095237732
184,0.8509999513626099,0.5703781247138977
185,0.8510000109672546,0.5304930806159973
186,0.8700000047683716,0.5301344990730286
187,0.8110000491142273,0.7547062039375305
188,0.8180000185966492,0.7075296640396118
189,0.840999960899353,0.5835203528404236
190,0.8579999804496765,0.5530329942703247
191,0.8890000581741333,0.46842679381370544
192,0.8330000042915344,0.5970133543014526
193,0.8569999933242798,0.5771858096122742
194,0.8790000081062317,0.47353395819664
195,0.8209999799728394,0.6433956027030945
196,0.8339999318122864,0.5919524431228638
197,0.8520000576972961,0.5658953189849854
198,0.8049999475479126,0.7374497652053833
199,0.8769999742507935,0.46138572692871094
200,0.8819999694824219,0.4871058464050293
201,0.8390000462532043,0.6098653674125671
202,0.8960000276565552,0.4888155460357666
203,0.8339999914169312,0.5894244909286499
204,0.8899999856948853,0.43914833664894104
205,0.8889999389648438,0.468766450881958
206,0.8479999303817749,0.6072201728820801
207,0.8199998736381531,0.6946268081665039
208,0.9079999923706055,0.36780110001564026
209,0.875999927520752,0.5315733551979065
210,0.8519999384880066,0.603342592716217
211,0.8309999704360962,0.6126816868782043
212,0.8939999341964722,0.4577275812625885
213,0.9409999847412109,0.27333930134773254
214,0.8560000658035278,0.6085139513015747
215,0.8619999885559082,0.5306870341300964
216,0.824999988079071,0.636128306388855
217,0.8739999532699585,0.4860900342464447
218,0.8609999418258667,0.5402251482009888
219,0.8730000257492065,0.507695734500885
220,0.8920000195503235,0.46632641553878784
221,0.8760000467300415,0.47343629598617554
222,0.9129999876022339,0.3710514008998871
223,0.902999997138977,0.49051862955093384
224,0.831000030040741,0.6015408635139465
225,0.875,0.4913512170314789
226,0.8830000162124634,0.4879752993583679
227,0.8719999194145203,0.5209389925003052
228,0.8730000257492065,0.4560289978981018
229,0.9020000696182251,0.4078689515590668
230,0.8609999418258667,0.6096464395523071
231,0.9169999957084656,0.3865954279899597
232,0.934999942779541,0.2643895745277405
233,0.9100000262260437,0.41714444756507874
234,0.8249999284744263,0.5972627401351929
235,0.8379999995231628,0.5958623290061951
236,0.8939999341964722,0.3984728455543518
237,0.890999972820282,0.44023680686950684
238,0.8949999809265137,0.457171767950058
239,0.8859999775886536,0.4367983937263489
240,0.8659998774528503,0.5521467924118042
241,0.9229999780654907,0.35048598051071167
242,0.9030000567436218,0.47849464416503906
243,0.8880000114440918,0.4681052267551422
244,0.9439999461174011,0.25748929381370544
245,0.8520000576972961,0.5173304677009583
246,0.9319999814033508,0.3306080102920532
247,0.9039999842643738,0.41569527983665466
248,0.9179999232292175,0.4153191149234772
249,0.9139999151229858,0.39288562536239624
250,0.9079999923706055,0.3792949914932251
251,0.8859999775886536,0.4746129512786865
252,0.8919999003410339,0.4655523896217346
253,0.9219999313354492,0.36852043867111206
254,0.9139999151229858,0.37060320377349854
255,0.9380000233650208,0.31568577885627747
256,0.9379999041557312,0.32181215286254883
257,0.8569999933242798,0.5786513090133667
258,0.8669999837875366,0.5441111922264099
259,0.9319999814033508,0.31338226795196533
260,0.8960000276565552,0.412773996591568
261,0.906999945640564,0.45070409774780273
262,0.8939999341964722,0.40177932381629944
263,0.9390000104904175,0.2856990694999695
264,0.9229999780654907,0.3192360997200012
265,0.9079999923706055,0.3847830295562744
266,0.9290000200271606,0.3048638701438904
267,0.8989999890327454,0.42024627327919006
268,0.9150000810623169,0.34950771927833557
269,0.9160000085830688,0.3908839225769043
270,0.9389999508857727,0.3038252592086792
271,0.9350000619888306,0.3200899064540863
272,0.8949999809265137,0.46953439712524414
273,0.9359999895095825,0.3328818678855896
274,0.9389999508857727,0.2653731107711792
275,0.9529999494552612,0.2205030918121338
276,0.9229999780654907,0.3510764539241791
277,0.9100000262260437,0.3936823010444641
278,0.9620000123977661,0.19301921129226685
279,0.9340000152587891,0.3855697214603424
280,0.9229999780654907,0.3264004588127136
281,0.9019999504089355,0.41967129707336426
282,0.900999903678894,0.38957810401916504
283,0.9389999508857727,0.2804132103919983
284,0.9739999771118164,0.18848693370819092
285,0.9099999666213989,0.40031394362449646
286,0.9050000309944153,0.41576439142227173
287,0.9279999732971191,0.35058075189590454
288,0.9100000262260437,0.4356767535209656
289,0.900999903678894,0.44076284766197205
290,0.9049999117851257,0.40687018632888794
291,0.966999888420105,0.21253235638141632
292,0.9539999961853027,0.25294095277786255
293,0.934999942779541,0.3244664669036865
294,0.9310000538825989,0.3155178427696228
295,0.9299999475479126,0.30719929933547974
296,0.9269999265670776,0.2969109117984772
297,0.9609999656677246,0.19973433017730713
298,0.9279999732971191,0.35306450724601746
299,0.9140000343322754,0.3550998568534851
300,0.9419999122619629,0.311877578496933
1,0.1550000011920929,7.069989204406738
2,0.1730000078678131,3.553204298019409
3,0.15700000524520874,2.6473240852355957
4,0.17499999701976776,4.28751802444458
5,0.18199999630451202,4.28410530090332
6,0.16699999570846558,2.481235980987549
7,0.1730000078678131,2.916562557220459
8,0.17599999904632568,2.7720553874969482
9,0.18700000643730164,2.509124279022217
10,0.20800001919269562,2.577876567840576
11,0.17900000512599945,2.6897170543670654
12,0.17100000381469727,2.559004545211792
13,0.15699999034404755,2.5108187198638916
14,0.17599999904632568,2.712893486022949
15,0.19299998879432678,2.4660003185272217
16,0.21700000762939453,2.4207143783569336
17,0.17200002074241638,3.488234281539917
18,0.17899999022483826,2.5003230571746826
19,0.1900000274181366,2.8040928840637207
20,0.19500000774860382,2.4570579528808594
21,0.22200000286102295,2.346637725830078
22,0.2280000001192093,2.364213705062866
23,0.21900001168251038,2.4313435554504395
24,0.22599999606609344,2.401587724685669
25,0.24700000882148743,2.250516414642334
26,0.2240000218153,2.301234245300293
27,0.22199997305870056,2.074187994003296
28,0.22300000488758087,2.203404664993286
29,0.23899999260902405,2.2456257343292236
30,0.26899999380111694,2.000129222869873
31,0.2540000081062317,2.010209560394287
32,0.2789999842643738,1.944862723350525
33,0.2540000081062317,2.0935373306274414
34,0.28599998354911804,1.9061552286148071
35,0.25999999046325684,2.2834112644195557
36,0.281000018119812,1.9940462112426758
37,0.2980000078678131,1.9097661972045898
38,0.24700002372264862,2.1064727306365967
39,0.2930000126361847,1.906836748123169
40,0.3089999854564667,1.8619674444198608
41,0.2839999794960022,1.899143934249878
42,0.2930000126361847,1.911738634109497
43,0.31199997663497925,1.862725853919983
44,0.29500001668930054,2.0064473152160645
45,0.31699997186660767,1.7731506824493408
46,0.31700000166893005,1.7006609439849854
47,0.3330000042915344,1.741965889930725
48,0.328000009059906,1.816997766494751
49,0.35100001096725464,1.6722482442855835
50,0.33500000834465027,1.7188661098480225
51,0.34700000286102295,1.6764676570892334
52,0.3050000071525574,1.7936080694198608
53,0.3700000047683716,1.628034234046936
54,0.3449999690055847,1.71868097782135
55,0.3790000081062317,1.5970563888549805
56,0.35600000619888306,1.740796446800232
57,0.3839999735355377,1.6143184900283813
58,0.3699999749660492,1.6588318347930908
59,0.4169999957084656,1.4751077890396118
60,0.39500004053115845,1.6522951126098633
61,0.38099998235702515,1.5886058807373047
62,0.37400001287460327,1.6809991598129272
63,0.3659999966621399,1.6208492517471313
64,0.3959999978542328,1.5459668636322021
65,0.39900001883506775,1.5644326210021973
66,0.382999986410141,1.630392074584961
67,0.41099995374679565,1.5817116498947144
68,0.38600000739097595,1.6944078207015991
69,0.4139999747276306,1.511677861213684
70,0.42899999022483826,1.460097074508667
71,0.4389999806880951,1.4580540657043457
72,0.445000022649765,1.4774072170257568
73,0.4519999921321869,1.4848829507827759
74,0.4360000193119049,1.502912163734436
75,0.4569999575614929,1.498282790184021
76,0.5049999952316284,1.350433349609375
77,0.4529999792575836,1.5088279247283936
78,0.4909999966621399,1.424258828163147
79,0.4729999899864197,1.4503997564315796
80,0.4819999635219574,1.4199628829956055
81,0.5329999923706055,1.3334896564483643
82,0.5020000338554382,1.3861329555511475
83,0.4970000386238098,1.4207117557525635
84,0.531000018119812,1.3017679452896118
85,0.5349999666213989,1.2682205438613892
86,0.5260000228881836,1.3410217761993408
87,0.5609999895095825,1.1960698366165161
88,0.5449999570846558,1.3047749996185303
89,0.5049999952316284,1.3728530406951904
90,0.562999963760376,1.2841460704803467
91,0.5980000495910645,1.0585596561431885
92,0.5320000648498535,1.3230907917022705
93,0.5529999732971191,1.2755749225616455
94,0.6000000238418579,1.1787993907928467
95,0.527999997138977,1.3148524761199951
96,0.6159999966621399,1.0987266302108765
97,0.5460000038146973,1.2680585384368896
98,0.5839999914169312,1.1629395484924316
99,0.6220000386238098,1.0232491493225098
100,0.5339999794960022,1.3425357341766357
101,0.6310000419616699,0.9718823432922363
102,0.6039999723434448,1.1501795053482056
103,0.6669999957084656,0.957129180431366
104,0.5689999461174011,1.2588002681732178
105,0.5879999995231628,1.1266433000564575
106,0.6059999465942383,1.138061761856079
107,0.6730000376701355,0.9697517156600952
108,0.6179999113082886,1.0848920345306396
109,0.6339999437332153,1.1597810983657837
110,0.6639999151229858,1.0184552669525146
111,0.6579999923706055,0.9863101243972778
112,0.6060000061988831,1.1781246662139893
113,0.6169999837875366,1.0971202850341797
114,0.6850000023841858,0.97112637758255
115,0.706000030040741,0.9660108685493469
116,0.6749999523162842,1.038288950920105
117,0.6520000696182251,1.0261151790618896
118,0.6069999933242798,1.1152911186218262
119,0.6600000262260437,0.9685429334640503
120,0.6579999923706055,1.010481834411621
121,0.637999951839447,1.0264571905136108
122,0.7300000190734863,0.8558818697929382
123,0.7310000061988831,0.8009933233261108
124,0.7399999499320984,0.838983416557312
125,0.6990000009536743,0.9218333959579468
126,0.7019999623298645,0.9255601763725281
127,0.6979999542236328,0.9071672558784485
128,0.671000063419342,1.0073186159133911
129,0.6579999923706055,1.0599480867385864
130,0.6609999537467957,1.0500702857971191
131,0.7549999952316284,0.7470853924751282
132,0.7529999613761902,0.7781776785850525
133,0.7329999804496765,0.8344336748123169
134,0.7429999709129333,0.773923397064209
135,0.690000057220459,0.9598063230514526
136,0.8159999847412109,0.6049392819404602
137,0.7450000047683716,0.8116747736930847
138,0.7609999775886536,0.743865966796875
139,0.7280000448226929,0.8660975694656372
140,0.7770000100135803,0.6902663111686707
141,0.7329999804496765,0.809173583984375
142,0.7700001001358032,0.6804025769233704
143,0.7529999613761902,0.7783564925193787
144,0.8209999799728394,0.5676282644271851
145,0.7289999723434448,0.9089013934135437
146,0.7730000615119934,0.7378722429275513
147,0.8069999814033508,0.6184407472610474
148,0.7230000495910645,0.9139812588691711
149,0.7630000114440918,0.7340466976165771
150,0.7270000576972961,0.8269101977348328
151,0.793999969959259,0.6384643316268921
152,0.7919999957084656,0.7038624286651611
153,0.7600000500679016,0.7736720442771912
154,0.7589999437332153,0.7269794344902039
155,0.765999972820282,0.7415199279785156
156,0.7929999828338623,0.6180515885353088
157,0.800000011920929,0.6632233262062073
158,0.8149999380111694,0.572471022605896
159,0.8059999346733093,0.6101189851760864
160,0.7640000581741333,0.7555245757102966
161,0.8289999961853027,0.5430509448051453
162,0.7919999361038208,0.6780257821083069
163,0.8019999265670776,0.6610286831855774
164,0.7989999651908875,0.6710466146469116
165,0.8400000333786011,0.5239420533180237
166,0.8330000042915344,0.5827847123146057
167,0.7789999842643738,0.700700581073761
168,0.8390000462532043,0.5703741908073425
169,0.8350000381469727,0.566097617149353
170,0.7929999828338623,0.6409083008766174
171,0.824999988079071,0.6325848698616028
172,0.809999942779541,0.5939609408378601
173,0.800000011920929,0.6223533749580383
174,0.824999988079071,0.5869100093841553
175,0.781999945640564,0.6942545771598816
176,0.8170000314712524,0.5471900701522827
177,0.8269999623298645,0.5239140391349792
178,0.8219999074935913,0.5759948492050171
179,0.8349999189376831,0.5523425340652466
180,0.824999988079071,0.5998896360397339
181,0.8429999351501465,0.493960440158844
182,0.800000011920929,0.6348204016685486
183,0.8489999771118164,0.46119675040245056
184,0.8289999961853027,0.5680333375930786
185,0.8809999227523804,0.3797168731689453
186,0.8319999575614929,0.5616530179977417
187,0.8130000233650208,0.5744678378105164
188,0.8220000267028809,0.6474143862724304
189,0.8399999737739563,0.512403666973114
190,0.843999981880188,0.5125023722648621
191,0.8939999341964722,0.38518083095550537
192,0.8389999270439148,0.5402961373329163
193,0.8559999465942383,0.5419145226478577
194,0.8899999856948853,0.3853691816329956
195,0.824999988079071,0.5741297602653503
196,0.8709999918937683,0.4412286877632141
197,0.8630000352859497,0.46886342763900757
198,0.7929999232292175,0.6212242841720581
199,0.8630000352859497,0.42877334356307983
200,0.8830000162124634,0.37840735912323
201,0.8209999799728394,0.6150428056716919
202,0.8979999423027039,0.3555935025215149
203,0.8190000653266907,0.5762910842895508
204,0.8880000114440918,0.3990365266799927
205,0.9050000309944153,0.3574747145175934
206,0.8240000009536743,0.5214598774909973
207,0.8249999284744263,0.5664679408073425
208,0.8869999647140503,0.41942065954208374
209,0.8459998965263367,0.5346232652664185
210,0.8319999575614929,0.5576770305633545
211,0.8709999918937683,0.4514451026916504
212,0.875,0.4250528812408447
213,0.9259999394416809,0.2654637396335602
214,0.8919999003410339,0.3970889449119568
215,0.8500000238418579,0.5385180711746216
216,0.8479999303817749,0.4892667829990387
217,0.8680000305175781,0.4253564476966858
218,0.875999927520752,0.4018821120262146
219,0.8920000195503235,0.37532123923301697
220,0.8869999647140503,0.4012945294380188
221,0.9220000505447388,0.297289103269577
222,0.8949999809265137,0.3389604091644287
223,0.8999999761581421,0.3683486580848694
224,0.8349999189376831,0.5289621353149414
225,0.8649999499320984,0.5005044937133789
226,0.8779999613761902,0.4067075848579407
227,0.869999885559082,0.46584200859069824
228,0.8449999094009399,0.5174727439880371
229,0.9229999780654907,0.3125477731227875
230,0.8700000047683716,0.42915257811546326
231,0.9179999232292175,0.2949543595314026
232,0.9020000696182251,0.34074273705482483
233,0.918999969959259,0.2917669415473938
234,0.8300000429153442,0.536393940448761
235,0.8489999771118164,0.46449965238571167
236,0.9059999585151672,0.30260390043258667
237,0.906000018119812,0.38153520226478577
238,0.8739999532699585,0.3986269533634186
239,0.8920000195503235,0.3867054879665375
240,0.8499999046325684,0.4567476212978363
241,0.9079998731613159,0.3551647365093231
242,0.8999999165534973,0.37446027994155884
243,0.8940000534057617,0.3664962351322174
244,0.9010000228881836,0.3476368188858032
245,0.8869999647140503,0.3985370695590973
246,0.9279999732971191,0.2755725383758545
247,0.8830000162124634,0.4005643427371979
248,0.8949999809265137,0.4159836173057556
249,0.8969999551773071,0.3658694326877594
250,0.8899999856948853,0.3681197166442871
251,0.8899999856948853,0.38767653703689575
252,0.9099999666213989,0.35341206192970276
253,0.9099999666213989,0.33009713888168335
254,0.9109999537467957,0.32753947377204895
255,0.9329999685287476,0.26325759291648865
256,0.9280000925064087,0.2711891233921051
257,0.8639999628067017,0.44981497526168823
258,0.8929999470710754,0.38719090819358826
259,0.918999969959259,0.313843697309494
260,0.9209998846054077,0.29482501745224
261,0.9279999732971191,0.2834126949310303
262,0.8639999628067017,0.5051387548446655
263,0.934999942779541,0.24967889487743378
264,0.9239999651908875,0.2758123278617859
265,0.9160000085830688,0.2892225384712219
266,0.9329999685287476,0.30046844482421875
267,0.8979999423027039,0.38006752729415894
268,0.9199999570846558,0.2602466642856598
269,0.934999942779541,0.258545458316803
270,0.9269999265670776,0.2764444947242737
271,0.9239999651908875,0.32791000604629517
272,0.9109999537467957,0.38179951906204224
273,0.9309999346733093,0.34657248854637146
274,0.9319999814033508,0.28074339032173157
275,0.9369999766349792,0.2904292941093445
276,0.9089999198913574,0.2973184585571289
277,0.9210000038146973,0.2870681881904602
278,0.9580000042915344,0.1856241524219513
279,0.9019999504089355,0.4395100474357605
280,0.9380000233650208,0.24485044181346893
281,0.9210000038146973,0.3067808151245117
282,0.89000004529953,0.4091961979866028
283,0.9420000314712524,0.23954394459724426
284,0.9729999303817749,0.13180197775363922
285,0.903999924659729,0.34672918915748596
286,0.902999997138977,0.3978102207183838
287,0.9239999651908875,0.3215249478816986
288,0.9169999361038208,0.3416183888912201
289,0.9190000295639038,0.31770870089530945
290,0.9010000228881836,0.3624543845653534
291,0.9270000457763672,0.2646077573299408
292,0.9459999799728394,0.20072582364082336
293,0.9480000734329224,0.18140915036201477
294,0.9420000314712524,0.22542846202850342
295,0.9160000085830688,0.3337627053260803
296,0.9269999265670776,0.27997010946273804
297,0.9490000009536743,0.1773844063282013
298,0.935999870300293,0.20539405941963196
299,0.8930000066757202,0.3642084002494812
300,0.9379999041557312,0.2523461878299713
1,0.2290000170469284,3.0297608375549316
2,0.20799998939037323,3.8122973442077637
3,0.2720000147819519,3.989009380340576
4,0.2709999978542328,5.3117289543151855
5,0.27399998903274536,7.457615852355957
6,0.2980000078678131,10.240180969238281
7,0.3050000071525574,13.7960786819458
8,0.2990000247955322,15.4924955368042
9,0.3309999704360962,16.471351623535156
10,0.3409999907016754,21.80411148071289
11,0.3529999852180481,21.94705581665039
12,0.3160000443458557,24.203632354736328
13,0.3369999825954437,28.178730010986328
14,0.34200000762939453,20.43162727355957
15,0.36000001430511475,21.795936584472656
16,0.359000027179718,21.432514190673828
17,0.35499998927116394,17.672542572021484
18,0.4050000309944153,19.1037654876709
19,0.37400001287460327,16.354583740234375
20,0.39800000190734863,16.010089874267578
21,0.3970000147819519,13.797381401062012
22,0.4570000171661377,14.395291328430176
23,0.44899997115135193,11.487563133239746
24,0.4179999828338623,10.838784217834473
25,0.4619999825954437,11.592050552368164
26,0.4610000252723694,9.69536018371582
27,0.4790000021457672,7.729315757751465
28,0.45100003480911255,6.297547817230225
29,0.4679999351501465,5.514881134033203
30,0.5399999618530273,6.500063419342041
31,0.5049999952316284,6.5003814697265625
32,0.5130000114440918,5.643646240234375
33,0.48799997568130493,5.920482635498047
34,0.531999945640564,7.001074314117432
35,0.5099999904632568,6.606736183166504
36,0.5090000033378601,6.312230110168457
37,0.5670000314712524,7.823529243469238
38,0.4970000386238098,7.5769758224487305
39,0.5819999575614929,7.123007774353027
40,0.5339999794960022,5.761219024658203
41,0.5590000152587891,7.057025909423828
42,0.5830000638961792,6.801415920257568
43,0.5509999990463257,5.361695289611816
44,0.5379999876022339,6.334288120269775
45,0.6089999675750732,4.857183456420898
46,0.6250000596046448,4.588542938232422
47,0.6220000386238098,5.339334964752197
48,0.6299999952316284,4.724287509918213
49,0.6700000166893005,4.176790714263916
50,0.6119999885559082,4.026703357696533
51,0.6159999966621399,3.773365020751953
52,0.6030000448226929,3.7779343128204346
53,0.656000018119812,3.210437774658203
54,0.5850000977516174,3.5241992473602295
55,0.6800000071525574,3.974112033843994
56,0.6500000357627869,4.012317657470703
57,0.6599999666213989,3.517678737640381
58,0.6520000100135803,3.612367630004883
59,0.7020000219345093,2.908564805984497
60,0.6629999876022339,3.1311023235321045
61,0.6869999766349792,2.8544769287109375
62,0.6759999990463257,2.965705156326294
63,0.6720000505447388,3.231600284576416
64,0.6829999685287476,2.955554246902466
65,0.715999960899353,2.8184547424316406
66,0.6759999394416809,2.8775391578674316
67,0.6650000214576721,3.5074238777160645
68,0.6800000071525574,3.039620876312256
69,0.6930000185966492,3.0011870861053467
70,0.722000002861023,2.6315722465515137
71,0.7540000677108765,2.460801839828491
72,0.7459999918937683,2.491635322570801
73,0.706000030040741,2.8031539916992188
74,0.718000054359436,2.4355509281158447
75,0.7080000042915344,2.68098521232605
76,0.8069999814033508,2.151270627975464
77,0.7400000691413879,2.5061068534851074
78,0.7929999232292175,2.158801317214966
79,0.7400000095367432,2.5884666442871094
80,0.7079999446868896,2.680410385131836
81,0.7400000095367432,2.584587574005127
82,0.7269999384880066,2.5888679027557373
83,0.7289999723434448,2.93084716796875
84,0.7740000486373901,2.3589065074920654
85,0.7570000886917114,2.437371015548706
86,0.7829999923706055,2.4748828411102295
87,0.8189999461174011,2.6751952171325684
88,0.7540000081062317,2.6237735748291016
89,0.7480000257492065,2.5488319396972656
90,0.8100000619888306,2.227498769760132
91,0.8370000123977661,2.2511916160583496
92,0.8030000925064087,2.507169246673584
93,0.8029999732971191,2.4199328422546387
94,0.8110000491142273,2.0491795539855957
95,0.7599999904632568,1.9574661254882812
96,0.8220000267028809,1.7445789575576782
97,0.8109999895095825,2.000298261642456
98,0.7750000357627869,2.1386890411376953
99,0.840999960899353,1.8568437099456787
100,0.7319999933242798,2.4283573627471924
101,0.8229999542236328,1.78013014793396
102,0.8159999847412109,1.927436113357544
103,0.8369998931884766,1.6834055185317993
104,0.7600000500679016,2.463360071182251
105,0.8119999766349792,2.3869576454162598
106,0.7979999780654907,2.0560529232025146
107,0.8060000538825989,1.9805139303207397
108,0.7930000424385071,2.2304587364196777
109,0.8029999732971191,2.0320322513580322
110,0.8449999690055847,1.8538844585418701
111,0.8460000157356262,1.9238866567611694
112,0.8180000185966492,2.3229846954345703
113,0.8230000734329224,1.9976317882537842
114,0.8669999241828918,2.0295348167419434
115,0.8499999046325684,1.947040319442749
116,0.8209999799728394,2.2265357971191406
117,0.8009999990463257,2.2230117321014404
118,0.8139999508857727,2.2802798748016357
119,0.8109999895095825,2.1928634643554688
120,0.8300000429153442,1.9021656513214111
121,0.8260000348091125,2.61493182182312
122,0.8739999532699585,1.920714020729065
123,0.8579999804496765,2.020512819290161
124,0.8559999465942383,2.67230486869812
125,0.847000002861023,2.5080790519714355
126,0.8489999771118164,2.2479987144470215
127,0.859000027179718,2.085249423980713
128,0.843000054359436,1.9781639575958252
129,0.7960000038146973,1.9405295848846436
130,0.8279999494552612,2.019291400909424
131,0.8579999208450317,1.8170225620269775
132,0.8999999165534973,1.542386770248413
133,0.8510000109672546,1.5504039525985718
134,0.8779999613761902,1.4151047468185425
135,0.8059999346733093,2.0202057361602783
136,0.8970000147819519,1.5904208421707153
137,0.8830000162124634,1.6270897388458252
138,0.8929999470710754,1.6271625757217407
139,0.8449999690055847,1.8119537830352783
140,0.890999972820282,1.799129843711853
141,0.8449999690055847,1.824371337890625
142,0.8819999694824219,1.5168912410736084
143,0.8559999465942383,1.715070128440857
144,0.8980000615119934,1.5111753940582275
145,0.8650000691413879,1.813939094543457
146,0.8859999775886536,1.714148759841919
147,0.8869999051094055,1.6280444860458374
148,0.8440000414848328,2.5798871517181396
149,0.8779999613761902,1.8342221975326538
150,0.840999960899353,1.8926541805267334
151,0.8810000419616699,1.4933332204818726
152,0.8880000114440918,1.4327661991119385
153,0.8979999423027039,1.4161328077316284
154,0.8519999384880066,1.63545823097229
155,0.874000072479248,1.5144792795181274
156,0.8869999647140503,1.3155699968338013
157,0.9059999585151672,1.3817085027694702
158,0.9129999279975891,1.3569777011871338
159,0.8869999647140503,1.3867889642715454
160,0.8889999389648438,1.7317787408828735
161,0.906999945640564,1.551009178161621
162,0.8939999341964722,1.628659963607788
163,0.8949999809265137,1.7478660345077515
164,0.9059999585151672,1.601639986038208
165,0.9010000228881836,1.6345971822738647
166,0.9169999957084656,1.2402849197387695
167,0.9039999842643738,1.465080976486206
168,0.8960000276565552,1.7631486654281616
169,0.9120000004768372,1.6697988510131836
170,0.8780000805854797,1.9451957941055298
171,0.901999831199646,1.6927820444107056
172,0.906999945640564,1.4953919649124146
173,0.8979999423027039,1.7345482110977173
174,0.9050000309944153,1.5164040327072144
175,0.8819999694824219,1.3667309284210205
176,0.9139999151229858,1.2837231159210205
177,0.9109999537467957,1.301382303237915
178,0.8939999341964722,1.2373076677322388
179,0.9259999990463257,1.2665815353393555
180,0.8890000581741333,1.593155860900879
181,0.9329999685287476,1.1816941499710083
182,0.9020000696182251,1.4627392292022705
183,0.9389999508857727,1.4116939306259155
184,0.9359999895095825,1.2738723754882812
185,0.9479999542236328,1.2246240377426147
186,0.9350000619888306,1.2565467357635498
